//  Position (rotations),   Velocity (RPM),   Brake (bool)
namespace HERO_Motion_Profile_Example {
public class MotionProfile {
public const uint kNumPoints = 3001;
public const uint kDurationMs = 10;
public static double[] PointsPosition = new double []{
0.000000000,
0.000000000,
0.000100000,
0.001300000,
0.003100000,
0.005500000,
0.008500000,
0.012100000,
0.016300000,
0.021100000,
0.026500000,
0.032500000,
0.039100000,
0.046300000,
0.054100000,
0.062500000,
0.071500000,
0.081100000,
0.091300000,
0.102100000,
0.113500000,
0.125500000,
0.138100000,
0.151300000,
0.165100000,
0.179500000,
0.194500000,
0.210100000,
0.226300000,
0.243100000,
0.260500000,
0.278500000,
0.297100000,
0.316300000,
0.336100000,
0.356500000,
0.377500000,
0.399100000,
0.421300000,
0.444100000,
0.467500000,
0.491500000,
0.516100000,
0.541300000,
0.567100000,
0.593500000,
0.620500000,
0.648100000,
0.676300000,
0.705100000,
0.734500000,
0.764500000,
0.795100000,
0.826300000,
0.858100000,
0.890500000,
0.923500000,
0.957100000,
0.991300000,
1.026100000,
1.061500000,
1.097500000,
1.134100000,
1.171300000,
1.209100000,
1.247500000,
1.286500000,
1.326100000,
1.366300000,
1.407100000,
1.448500000,
1.490500000,
1.533100000,
1.576300000,
1.620100000,
1.664500000,
1.709500000,
1.755100000,
1.801300000,
1.848100000,
1.895500000,
1.943500000,
1.992100000,
2.041300000,
2.091100000,
2.141500000,
2.192500000,
2.244100000,
2.296300000,
2.349100000,
2.402500000,
2.456500000,
2.511100000,
2.566300000,
2.622100000,
2.678500000,
2.735500000,
2.793100000,
2.851300000,
2.910100000,
2.969500000,
3.029500000,
3.090100000,
3.151300000,
3.213100000,
3.275500000,
3.338500000,
3.402100000,
3.466300000,
3.531100000,
3.596500000,
3.662500000,
3.729100000,
3.796300000,
3.864100000,
3.932500000,
4.001500000,
4.071100000,
4.141300000,
4.212100000,
4.283500000,
4.355500000,
4.428100000,
4.501300000,
4.575100000,
4.649500000,
4.724500000,
4.800100000,
4.876300000,
4.953100000,
5.030500000,
5.108500000,
5.187100000,
5.266300000,
5.346100000,
5.426500000,
5.507500000,
5.589100000,
5.671300000,
5.754100000,
5.837500000,
5.921500000,
6.006100000,
6.091300000,
6.177100000,
6.263500000,
6.350500000,
6.438100000,
6.526300000,
6.615100000,
6.704500000,
6.794500000,
6.885100000,
6.976300000,
7.068100000,
7.160500000,
7.253500000,
7.347100000,
7.441300000,
7.536100000,
7.631500000,
7.727500000,
7.824100000,
7.921300000,
8.019100000,
8.117500000,
8.216500000,
8.316100000,
8.416300000,
8.517100000,
8.618500000,
8.720500000,
8.823100000,
8.926300000,
9.030100000,
9.134500000,
9.239500000,
9.345100000,
9.451300000,
9.558100000,
9.665500000,
9.773500000,
9.882100000,
9.991300000,
10.101100000,
10.211500000,
10.322500000,
10.434100000,
10.546300000,
10.659100000,
10.772500000,
10.886500000,
11.001100000,
11.116300000,
11.232100000,
11.348500000,
11.465500000,
11.583100000,
11.701300000,
11.820100000,
11.939500000,
12.059500000,
12.180100000,
12.301300000,
12.423100000,
12.545500000,
12.668500000,
12.792100000,
12.916300000,
13.041100000,
13.166500000,
13.292500000,
13.419100000,
13.546300000,
13.674100000,
13.802500000,
13.931500000,
14.061100000,
14.191300000,
14.322100000,
14.453500000,
14.585500000,
14.718100000,
14.851300000,
14.985100000,
15.119500000,
15.254500000,
15.390100000,
15.526300000,
15.663100000,
15.800500000,
15.938500000,
16.077100000,
16.216300000,
16.356100000,
16.496500000,
16.637500000,
16.779100000,
16.921300000,
17.064100000,
17.207500000,
17.351500000,
17.496100000,
17.641300000,
17.787100000,
17.933500000,
18.080500000,
18.228100000,
18.376300000,
18.525100000,
18.674500000,
18.824500000,
18.975100000,
19.126300000,
19.278100000,
19.430500000,
19.583500000,
19.737100000,
19.891300000,
20.046100000,
20.201500000,
20.357500000,
20.514100000,
20.671300000,
20.829100000,
20.987500000,
21.146500000,
21.306100000,
21.466300000,
21.627100000,
21.788500000,
21.950500000,
22.113100000,
22.276300000,
22.440100000,
22.604500000,
22.769500000,
22.935100000,
23.101300000,
23.268100000,
23.435500000,
23.603500000,
23.772100000,
23.941300000,
24.111100000,
24.281500000,
24.452500000,
24.624100000,
24.796300000,
24.969100000,
25.142500000,
25.316500000,
25.491100000,
25.666300000,
25.842100000,
26.018500000,
26.195500000,
26.373100000,
26.551300000,
26.730100000,
26.909500000,
27.089500000,
27.270100000,
27.451300000,
27.633100000,
27.815500000,
27.998500000,
28.182100000,
28.366300000,
28.551100000,
28.736500000,
28.922500000,
29.109100000,
29.296300000,
29.484100000,
29.672500000,
29.861500000,
30.051100000,
30.241300000,
30.432100000,
30.623500000,
30.815500000,
31.008100000,
31.201300000,
31.395100000,
31.589500000,
31.784500000,
31.980100000,
32.176300000,
32.373100000,
32.570500000,
32.768500000,
32.967100000,
33.166300000,
33.366100000,
33.566500000,
33.767500000,
33.969100000,
34.171300000,
34.374100000,
34.577500000,
34.781500000,
34.986100000,
35.191300000,
35.397100000,
35.603500000,
35.810500000,
36.018100000,
36.226300000,
36.435100000,
36.644500000,
36.854500000,
37.065100000,
37.276300000,
37.488100000,
37.700500000,
37.913500000,
38.127100000,
38.341300000,
38.556100000,
38.771500000,
38.987500000,
39.204100000,
39.421300000,
39.639100000,
39.857500000,
40.076500000,
40.296100000,
40.516300000,
40.737100000,
40.958500000,
41.180500000,
41.403100000,
41.626300000,
41.850100000,
42.074500000,
42.299500000,
42.525100000,
42.751300000,
42.978100000,
43.205500000,
43.433500000,
43.662100000,
43.891300000,
44.121100000,
44.351500000,
44.582500000,
44.814100000,
45.046300000,
45.279100000,
45.512500000,
45.746500000,
45.981100000,
46.216300000,
46.452100000,
46.688500000,
46.925500000,
47.163100000,
47.401300000,
47.640100000,
47.879500000,
48.119500000,
48.360100000,
48.601300000,
48.843100000,
49.085500000,
49.328500000,
49.572100000,
49.816300000,
50.061100000,
50.306500000,
50.552500000,
50.799100000,
51.046300000,
51.294100000,
51.542500000,
51.791500000,
52.041100000,
52.291300000,
52.542100000,
52.793500000,
53.045500000,
53.298100000,
53.551300000,
53.805100000,
54.059500000,
54.314500000,
54.570100000,
54.826300000,
55.083100000,
55.340500000,
55.598500000,
55.857100000,
56.116300000,
56.376100000,
56.636500000,
56.897500000,
57.159100000,
57.421300000,
57.684100000,
57.947500000,
58.211500000,
58.476100000,
58.741300000,
59.007100000,
59.273500000,
59.540500000,
59.808100000,
60.076300000,
60.345100000,
60.614500000,
60.884500000,
61.155100000,
61.426300000,
61.698100000,
61.970500000,
62.243500000,
62.517100000,
62.791300000,
63.066100000,
63.341500000,
63.617500000,
63.894100000,
64.171300000,
64.449100000,
64.727500000,
65.006500000,
65.286100000,
65.566300000,
65.847100000,
66.128500000,
66.410500000,
66.693100000,
66.976300000,
67.260100000,
67.544500000,
67.829500000,
68.115100000,
68.401300000,
68.688100000,
68.975500000,
69.263500000,
69.552100000,
69.841300000,
70.131100000,
70.421500000,
70.712500000,
71.004100000,
71.296300000,
71.589100000,
71.882500000,
72.176500000,
72.471100000,
72.766300000,
73.062100000,
73.358500000,
73.655500000,
73.953100000,
74.251300000,
74.550100000,
74.849500000,
75.149500000,
75.450100000,
75.751300000,
76.053100000,
76.355500000,
76.658500000,
76.962100000,
77.266300000,
77.571100000,
77.876500000,
78.182500000,
78.489100000,
78.796300000,
79.104100000,
79.412500000,
79.721500000,
80.031100000,
80.341300000,
80.652100000,
80.963500000,
81.275500000,
81.588100000,
81.901300000,
82.215100000,
82.529500000,
82.844500000,
83.160100000,
83.476300000,
83.793100000,
84.110500000,
84.428500000,
84.747100000,
85.066300000,
85.386100000,
85.706500000,
86.027500000,
86.349100000,
86.671300000,
86.994100000,
87.317500000,
87.641500000,
87.966100000,
88.291300000,
88.617100000,
88.943500000,
89.270500000,
89.598100000,
89.926300000,
90.255100000,
90.584500000,
90.914500000,
91.245100000,
91.576300000,
91.908100000,
92.240500000,
92.573500000,
92.907100000,
93.241300000,
93.576100000,
93.911500000,
94.247500000,
94.584100000,
94.921300000,
95.259100000,
95.597500000,
95.936500000,
96.276100000,
96.616300000,
96.957100000,
97.298500000,
97.640500000,
97.983100000,
98.326300000,
98.670100000,
99.014500000,
99.359500000,
99.705100000,
100.051300000,
100.398100000,
100.745500000,
101.093500000,
101.442100000,
101.791300000,
102.141100000,
102.491500000,
102.842500000,
103.194100000,
103.546300000,
103.899100000,
104.252500000,
104.606500000,
104.961100000,
105.316300000,
105.672100000,
106.028500000,
106.385500000,
106.743100000,
107.101300000,
107.460100000,
107.819500000,
108.179500000,
108.540100000,
108.901300000,
109.263100000,
109.625500000,
109.988500000,
110.352100000,
110.716300000,
111.081100000,
111.446500000,
111.812500000,
112.179100000,
112.546300000,
112.914100000,
113.282500000,
113.651500000,
114.021100000,
114.391300000,
114.762100000,
115.133500000,
115.505500000,
115.878100000,
116.251300000,
116.625100000,
116.999500000,
117.374500000,
117.750100000,
118.126300000,
118.503100000,
118.880500000,
119.258500000,
119.637100000,
120.016300000,
120.396100000,
120.776500000,
121.157500000,
121.539100000,
121.921300000,
122.304100000,
122.687500000,
123.071500000,
123.456100000,
123.841300000,
124.227100000,
124.613500000,
125.000500000,
125.388100000,
125.776300000,
126.165100000,
126.554500000,
126.944500000,
127.335100000,
127.726300000,
128.118100000,
128.510500000,
128.903500000,
129.297100000,
129.691300000,
130.086100000,
130.481500000,
130.877500000,
131.274100000,
131.671300000,
132.069100000,
132.467500000,
132.866500000,
133.266100000,
133.666300000,
134.067100000,
134.468500000,
134.870500000,
135.273100000,
135.676300000,
136.080100000,
136.484500000,
136.889500000,
137.295100000,
137.701300000,
138.108100000,
138.515500000,
138.923500000,
139.332100000,
139.741300000,
140.151100000,
140.561500000,
140.972500000,
141.384100000,
141.796300000,
142.209100000,
142.622500000,
143.036500000,
143.451100000,
143.866300000,
144.282100000,
144.698500000,
145.115500000,
145.533100000,
145.951300000,
146.370100000,
146.789500000,
147.209500000,
147.630100000,
148.051300000,
148.473100000,
148.895500000,
149.318500000,
149.742100000,
150.166300000,
150.591100000,
151.016500000,
151.442500000,
151.869100000,
152.296300000,
152.724100000,
153.152500000,
153.581500000,
154.011100000,
154.441300000,
154.872100000,
155.303500000,
155.735500000,
156.168100000,
156.601300000,
157.035100000,
157.469500000,
157.904500000,
158.340100000,
158.776300000,
159.213100000,
159.650500000,
160.088500000,
160.527100000,
160.966300000,
161.406100000,
161.846500000,
162.287500000,
162.729100000,
163.171300000,
163.614100000,
164.057500000,
164.501500000,
164.946100000,
165.391300000,
165.837100000,
166.283500000,
166.730500000,
167.178100000,
167.626300000,
168.075100000,
168.524500000,
168.974500000,
169.425100000,
169.876300000,
170.328100000,
170.780500000,
171.233500000,
171.687100000,
172.141300000,
172.596100000,
173.051500000,
173.507500000,
173.964100000,
174.421300000,
174.879100000,
175.337500000,
175.796500000,
176.256100000,
176.716300000,
177.177100000,
177.638500000,
178.100500000,
178.563100000,
179.026300000,
179.490100000,
179.954500000,
180.419500000,
180.885100000,
181.351300000,
181.818100000,
182.285500000,
182.753500000,
183.222100000,
183.691300000,
184.161100000,
184.631500000,
185.102500000,
185.574100000,
186.046300000,
186.519100000,
186.992500000,
187.466500000,
187.941100000,
188.416300000,
188.892100000,
189.368500000,
189.845500000,
190.323100000,
190.801300000,
191.280100000,
191.759500000,
192.239500000,
192.720100000,
193.201300000,
193.683100000,
194.165500000,
194.648500000,
195.132100000,
195.616300000,
196.101100000,
196.586500000,
197.072500000,
197.559100000,
198.046300000,
198.534100000,
199.022500000,
199.511500000,
200.001100000,
200.491300000,
200.982100000,
201.473500000,
201.965500000,
202.458100000,
202.951300000,
203.445100000,
203.939500000,
204.434500000,
204.930100000,
205.426300000,
205.923100000,
206.420500000,
206.918500000,
207.417100000,
207.916300000,
208.416100000,
208.916500000,
209.417500000,
209.919100000,
210.421300000,
210.924100000,
211.427500000,
211.931500000,
212.436100000,
212.941300000,
213.447100000,
213.953500000,
214.460500000,
214.968100000,
215.476300000,
215.985100000,
216.494500000,
217.004500000,
217.515100000,
218.026300000,
218.538100000,
219.050500000,
219.563500000,
220.077100000,
220.591300000,
221.106100000,
221.621500000,
222.137500000,
222.654100000,
223.171300000,
223.689100000,
224.207500000,
224.726500000,
225.246100000,
225.766300000,
226.287100000,
226.808500000,
227.330500000,
227.853100000,
228.376300000,
228.900100000,
229.424500000,
229.949500000,
230.475100000,
231.001300000,
231.528100000,
232.055500000,
232.583500000,
233.112100000,
233.641300000,
234.171100000,
234.701500000,
235.232500000,
235.764100000,
236.296300000,
236.829100000,
237.362500000,
237.896500000,
238.431100000,
238.966300000,
239.502100000,
240.038500000,
240.575500000,
241.113100000,
241.651300000,
242.190100000,
242.729500000,
243.269500000,
243.810100000,
244.351300000,
244.893100000,
245.435500000,
245.978500000,
246.522100000,
247.066300000,
247.611100000,
248.156500000,
248.702500000,
249.249100000,
249.796300000,
250.344100000,
250.892500000,
251.441500000,
251.991100000,
252.541300000,
253.092100000,
253.643500000,
254.195500000,
254.748100000,
255.301300000,
255.855100000,
256.409500000,
256.964500000,
257.520100000,
258.076300000,
258.633100000,
259.190500000,
259.748500000,
260.307100000,
260.866300000,
261.426100000,
261.986500000,
262.547500000,
263.109100000,
263.671300000,
264.234100000,
264.797500000,
265.361500000,
265.926100000,
266.491300000,
267.057100000,
267.623500000,
268.190500000,
268.758100000,
269.326300000,
269.895100000,
270.464500000,
271.034500000,
271.605100000,
272.176300000,
272.748100000,
273.320500000,
273.893500000,
274.467100000,
275.041300000,
275.616100000,
276.191500000,
276.767500000,
277.344100000,
277.921300000,
278.499100000,
279.077500000,
279.656500000,
280.236100000,
280.816300000,
281.397100000,
281.978500000,
282.560500000,
283.143100000,
283.726300000,
284.310100000,
284.894500000,
285.479500000,
286.065100000,
286.651300000,
287.238100000,
287.825500000,
288.413500000,
289.002100000,
289.591300000,
290.181100000,
290.771500000,
291.362500000,
291.954100000,
292.546300000,
293.139100000,
293.732500000,
294.326500000,
294.921100000,
295.516300000,
296.112100000,
296.708500000,
297.305500000,
297.903100000,
298.501300000,
299.100100000,
299.699500000,
300.299500000,
300.899600000,
301.499600000,
302.099600000,
302.699600000,
303.299600000,
303.899600000,
304.499600000,
305.099600000,
305.699600000,
306.299600000,
306.899600000,
307.499600000,
308.099600000,
308.699600000,
309.299600000,
309.899600000,
310.499600000,
311.099600000,
311.699600000,
312.299600000,
312.899600000,
313.499600000,
314.099600000,
314.699600000,
315.299600000,
315.899600000,
316.499600000,
317.099600000,
317.699600000,
318.299600000,
318.899600000,
319.499600000,
320.099600000,
320.699600000,
321.299600000,
321.899600000,
322.499600000,
323.099600000,
323.699600000,
324.299600000,
324.899600000,
325.499600000,
326.099600000,
326.699600000,
327.299600000,
327.899600000,
328.499600000,
329.099600000,
329.699600000,
330.299600000,
330.899600000,
331.499600000,
332.099600000,
332.699600000,
333.299600000,
333.899600000,
334.499600000,
335.099600000,
335.699600000,
336.299600000,
336.899600000,
337.499600000,
338.099600000,
338.699600000,
339.299600000,
339.899600000,
340.499600000,
341.099600000,
341.699600000,
342.299600000,
342.899600000,
343.499600000,
344.099600000,
344.699600000,
345.299600000,
345.899600000,
346.499600000,
347.099600000,
347.699600000,
348.299600000,
348.899600000,
349.499600000,
350.099600000,
350.699600000,
351.299600000,
351.899600000,
352.499600000,
353.099600000,
353.699600000,
354.299600000,
354.899600000,
355.499600000,
356.099600000,
356.699600000,
357.299600000,
357.899600000,
358.499600000,
359.099600000,
359.699600000,
360.299600000,
360.899600000,
361.499600000,
362.099600000,
362.699600000,
363.299600000,
363.899600000,
364.499600000,
365.099600000,
365.699600000,
366.299600000,
366.899600000,
367.499600000,
368.099600000,
368.699600000,
369.299600000,
369.899600000,
370.499600000,
371.099600000,
371.699600000,
372.299600000,
372.899600000,
373.499600000,
374.099600000,
374.699600000,
375.299600000,
375.899600000,
376.499600000,
377.099600000,
377.699600000,
378.299600000,
378.899600000,
379.499600000,
380.099600000,
380.699600000,
381.299600000,
381.899600000,
382.499600000,
383.099600000,
383.699600000,
384.299600000,
384.899600000,
385.499600000,
386.099600000,
386.699600000,
387.299600000,
387.899600000,
388.499600000,
389.099600000,
389.699600000,
390.299600000,
390.899600000,
391.499600000,
392.099600000,
392.699600000,
393.299600000,
393.899600000,
394.499600000,
395.099600000,
395.699600000,
396.299600000,
396.899600000,
397.499600000,
398.099600000,
398.699600000,
399.299600000,
399.899600000,
400.499600000,
401.099600000,
401.699600000,
402.299600000,
402.899600000,
403.499600000,
404.099600000,
404.699600000,
405.299600000,
405.899600000,
406.499600000,
407.099600000,
407.699600000,
408.299600000,
408.899600000,
409.499600000,
410.099600000,
410.699600000,
411.299600000,
411.899600000,
412.499600000,
413.099600000,
413.699600000,
414.299600000,
414.899600000,
415.499600000,
416.099600000,
416.699600000,
417.299600000,
417.899600000,
418.499600000,
419.099600000,
419.699600000,
420.299600000,
420.899600000,
421.499600000,
422.099600000,
422.699600000,
423.299600000,
423.899600000,
424.499600000,
425.099600000,
425.699600000,
426.299600000,
426.899600000,
427.499600000,
428.099600000,
428.699600000,
429.299600000,
429.899600000,
430.499600000,
431.099600000,
431.699600000,
432.299600000,
432.899600000,
433.499600000,
434.099600000,
434.699600000,
435.299600000,
435.899600000,
436.499600000,
437.099600000,
437.699600000,
438.299600000,
438.899600000,
439.499600000,
440.099600000,
440.699600000,
441.299600000,
441.899600000,
442.499600000,
443.099600000,
443.699600000,
444.299600000,
444.899600000,
445.499600000,
446.099600000,
446.699600000,
447.299600000,
447.899600000,
448.499600000,
449.099600000,
449.699600000,
450.299600000,
450.899600000,
451.499600000,
452.099600000,
452.699600000,
453.299600000,
453.899600000,
454.499600000,
455.099600000,
455.699600000,
456.299600000,
456.899600000,
457.499600000,
458.099600000,
458.699600000,
459.299600000,
459.899600000,
460.499600000,
461.099600000,
461.699600000,
462.299600000,
462.899600000,
463.499600000,
464.099600000,
464.699600000,
465.299600000,
465.899600000,
466.499600000,
467.099600000,
467.699600000,
468.299600000,
468.899600000,
469.499600000,
470.099600000,
470.699600000,
471.299600000,
471.899600000,
472.499600000,
473.099600000,
473.699600000,
474.299600000,
474.899600000,
475.499600000,
476.099600000,
476.699600000,
477.299600000,
477.899600000,
478.499600000,
479.099600000,
479.699600000,
480.299600000,
480.899600000,
481.499600000,
482.099600000,
482.699600000,
483.299600000,
483.899600000,
484.499600000,
485.099600000,
485.699600000,
486.299600000,
486.899600000,
487.499600000,
488.099600000,
488.699600000,
489.299600000,
489.899600000,
490.499600000,
491.099600000,
491.699600000,
492.299600000,
492.899600000,
493.499600000,
494.099600000,
494.699600000,
495.299600000,
495.899600000,
496.499600000,
497.099600000,
497.699600000,
498.299600000,
498.899600000,
499.499600000,
500.099600000,
500.699600000,
501.299600000,
501.899600000,
502.499600000,
503.099600000,
503.699600000,
504.299600000,
504.899600000,
505.499600000,
506.099600000,
506.699600000,
507.299600000,
507.899600000,
508.499600000,
509.099600000,
509.699600000,
510.299600000,
510.899600000,
511.499600000,
512.099600000,
512.699600000,
513.299600000,
513.899600000,
514.499600000,
515.099600000,
515.699600000,
516.299600000,
516.899600000,
517.499600000,
518.099600000,
518.699600000,
519.299600000,
519.899600000,
520.499600000,
521.099600000,
521.699600000,
522.299600000,
522.899600000,
523.499600000,
524.099600000,
524.699600000,
525.299600000,
525.899600000,
526.499600000,
527.099600000,
527.699600000,
528.299600000,
528.899600000,
529.499600000,
530.099600000,
530.699600000,
531.299600000,
531.899600000,
532.499600000,
533.099600000,
533.699600000,
534.299600000,
534.899600000,
535.499600000,
536.099600000,
536.699600000,
537.299600000,
537.899600000,
538.499600000,
539.099600000,
539.699600000,
540.299600000,
540.899600000,
541.499600000,
542.099600000,
542.699600000,
543.299600000,
543.899600000,
544.499600000,
545.099600000,
545.699600000,
546.299600000,
546.899600000,
547.499600000,
548.099600000,
548.699600000,
549.299600000,
549.899600000,
550.499600000,
551.099600000,
551.699600000,
552.299600000,
552.899600000,
553.499600000,
554.099600000,
554.699600000,
555.299600000,
555.899600000,
556.499600000,
557.099600000,
557.699600000,
558.299600000,
558.899600000,
559.499600000,
560.099600000,
560.699600000,
561.299600000,
561.899600000,
562.499600000,
563.099600000,
563.699600000,
564.299600000,
564.899600000,
565.499600000,
566.099600000,
566.699600000,
567.299600000,
567.899600000,
568.499600000,
569.099600000,
569.699600000,
570.299600000,
570.899600000,
571.499600000,
572.099600000,
572.699600000,
573.299600000,
573.899600000,
574.499600000,
575.099600000,
575.699600000,
576.299600000,
576.899600000,
577.499600000,
578.099600000,
578.699600000,
579.299600000,
579.899600000,
580.499600000,
581.099600000,
581.699600000,
582.299600000,
582.899600000,
583.499600000,
584.099600000,
584.699600000,
585.299600000,
585.899600000,
586.499600000,
587.099600000,
587.699600000,
588.299600000,
588.899600000,
589.499600000,
590.099600000,
590.699600000,
591.299600000,
591.899600000,
592.499600000,
593.099600000,
593.699600000,
594.299600000,
594.899600000,
595.499600000,
596.099600000,
596.699600000,
597.299600000,
597.899600000,
598.499600000,
599.099600000,
599.699600000,
600.299600000,
600.899600000,
601.499600000,
602.099600000,
602.699600000,
603.299600000,
603.899600000,
604.499600000,
605.099600000,
605.699600000,
606.299600000,
606.899600000,
607.499600000,
608.099600000,
608.699600000,
609.299600000,
609.899600000,
610.499600000,
611.099600000,
611.699600000,
612.299600000,
612.899600000,
613.499600000,
614.099600000,
614.699600000,
615.299600000,
615.899600000,
616.499600000,
617.099600000,
617.699600000,
618.299600000,
618.899600000,
619.499600000,
620.099600000,
620.699600000,
621.299600000,
621.899600000,
622.499600000,
623.099600000,
623.699600000,
624.299600000,
624.899600000,
625.499600000,
626.099600000,
626.699600000,
627.299600000,
627.899600000,
628.499600000,
629.099600000,
629.699600000,
630.299600000,
630.899600000,
631.499600000,
632.099600000,
632.699600000,
633.299600000,
633.899600000,
634.499600000,
635.099600000,
635.699600000,
636.299600000,
636.899600000,
637.499600000,
638.099600000,
638.699600000,
639.299600000,
639.899600000,
640.499600000,
641.099600000,
641.699600000,
642.299600000,
642.899600000,
643.499600000,
644.099600000,
644.699600000,
645.299600000,
645.899600000,
646.499600000,
647.099600000,
647.699600000,
648.299600000,
648.899600000,
649.499600000,
650.099600000,
650.699600000,
651.299600000,
651.899600000,
652.499600000,
653.099600000,
653.699600000,
654.299600000,
654.899600000,
655.499600000,
656.099600000,
656.699600000,
657.299600000,
657.899600000,
658.499600000,
659.099600000,
659.699600000,
660.299600000,
660.899600000,
661.499600000,
662.099600000,
662.699600000,
663.299600000,
663.899600000,
664.499600000,
665.099600000,
665.699600000,
666.299600000,
666.899600000,
667.499600000,
668.099600000,
668.699600000,
669.299600000,
669.899600000,
670.499600000,
671.099600000,
671.699600000,
672.299600000,
672.899600000,
673.499600000,
674.099600000,
674.699600000,
675.299600000,
675.899600000,
676.499600000,
677.099600000,
677.699600000,
678.299600000,
678.899600000,
679.499600000,
680.099600000,
680.699600000,
681.299600000,
681.899600000,
682.499600000,
683.099600000,
683.699600000,
684.299600000,
684.899600000,
685.499600000,
686.099600000,
686.699600000,
687.299600000,
687.899600000,
688.499600000,
689.099600000,
689.699600000,
690.299600000,
690.899600000,
691.499600000,
692.099600000,
692.699600000,
693.299600000,
693.899600000,
694.499600000,
695.099600000,
695.699600000,
696.299600000,
696.899600000,
697.499600000,
698.099600000,
698.699600000,
699.299600000,
699.899600000,
700.499600000,
701.099600000,
701.699600000,
702.299600000,
702.899600000,
703.499600000,
704.099600000,
704.699600000,
705.299600000,
705.899600000,
706.499600000,
707.099600000,
707.699600000,
708.299600000,
708.899600000,
709.499600000,
710.099600000,
710.699600000,
711.299600000,
711.899600000,
712.499600000,
713.099600000,
713.699600000,
714.299600000,
714.899600000,
715.499600000,
716.099600000,
716.699600000,
717.299600000,
717.899600000,
718.499600000,
719.099600000,
719.699600000,
720.299600000,
720.899600000,
721.499600000,
722.099600000,
722.699600000,
723.299600000,
723.899600000,
724.499600000,
725.099600000,
725.699600000,
726.299600000,
726.899600000,
727.499600000,
728.099600000,
728.699600000,
729.299600000,
729.899600000,
730.499600000,
731.099600000,
731.699600000,
732.299600000,
732.899600000,
733.499600000,
734.099600000,
734.699600000,
735.299600000,
735.899600000,
736.499600000,
737.099600000,
737.699600000,
738.299600000,
738.899600000,
739.499600000,
740.099600000,
740.699600000,
741.299600000,
741.899600000,
742.499600000,
743.099600000,
743.699600000,
744.299600000,
744.899600000,
745.499600000,
746.099600000,
746.699600000,
747.299600000,
747.899600000,
748.499600000,
749.099600000,
749.699600000,
750.299600000,
750.899600000,
751.499600000,
752.099600000,
752.699600000,
753.299600000,
753.899600000,
754.499600000,
755.099600000,
755.699600000,
756.299600000,
756.899600000,
757.499600000,
758.099600000,
758.699600000,
759.299600000,
759.899600000,
760.499600000,
761.099600000,
761.699600000,
762.299600000,
762.899600000,
763.499600000,
764.099600000,
764.699600000,
765.299600000,
765.899600000,
766.499600000,
767.099600000,
767.699600000,
768.299600000,
768.899600000,
769.499600000,
770.099600000,
770.699600000,
771.299600000,
771.899600000,
772.499600000,
773.099600000,
773.699600000,
774.299600000,
774.899600000,
775.499600000,
776.099600000,
776.699600000,
777.299600000,
777.899600000,
778.499600000,
779.099600000,
779.699600000,
780.299600000,
780.899600000,
781.499600000,
782.099600000,
782.699600000,
783.299600000,
783.899600000,
784.499600000,
785.099600000,
785.699600000,
786.299600000,
786.899600000,
787.499600000,
788.099600000,
788.699600000,
789.299600000,
789.899600000,
790.499600000,
791.099600000,
791.699600000,
792.299600000,
792.899600000,
793.499600000,
794.099600000,
794.699600000,
795.299600000,
795.899600000,
796.499600000,
797.099600000,
797.699600000,
798.299600000,
798.899600000,
799.499600000,
800.099600000,
800.699600000,
801.299600000,
801.899600000,
802.499600000,
803.099600000,
803.699600000,
804.299600000,
804.899600000,
805.499600000,
806.099600000,
806.699600000,
807.299600000,
807.899600000,
808.499600000,
809.099600000,
809.699600000,
810.299600000,
810.899600000,
811.499600000,
812.099600000,
812.699600000,
813.299600000,
813.899600000,
814.499600000,
815.099600000,
815.699600000,
816.299600000,
816.899600000,
817.499600000,
818.099600000,
818.699600000,
819.299600000,
819.899600000,
820.499600000,
821.099600000,
821.699600000,
822.299600000,
822.899600000,
823.499600000,
824.099600000,
824.699600000,
825.299600000,
825.899600000,
826.499600000,
827.099600000,
827.699600000,
828.299600000,
828.899600000,
829.499600000,
830.099600000,
830.699600000,
831.299600000,
831.899600000,
832.499600000,
833.099600000,
833.699600000,
834.299600000,
834.899600000,
835.499600000,
836.099600000,
836.699600000,
837.299600000,
837.899600000,
838.499600000,
839.099600000,
839.699600000,
840.299600000,
840.899600000,
841.499600000,
842.099600000,
842.699600000,
843.299600000,
843.899600000,
844.499600000,
845.099600000,
845.699600000,
846.299600000,
846.899600000,
847.499600000,
848.099600000,
848.699600000,
849.299600000,
849.899600000,
850.499600000,
851.099600000,
851.699600000,
852.299600000,
852.899600000,
853.499600000,
854.099600000,
854.699600000,
855.299600000,
855.899600000,
856.499600000,
857.099600000,
857.699600000,
858.299600000,
858.899600000,
859.499600000,
860.099600000,
860.699600000,
861.299600000,
861.899600000,
862.499600000,
863.099600000,
863.699600000,
864.299600000,
864.899600000,
865.499600000,
866.099600000,
866.699600000,
867.299600000,
867.899600000,
868.499600000,
869.099600000,
869.699600000,
870.299600000,
870.899600000,
871.499600000,
872.099600000,
872.699600000,
873.299600000,
873.899600000,
874.499600000,
875.099600000,
875.699600000,
876.299600000,
876.899600000,
877.499600000,
878.099600000,
878.699600000,
879.299600000,
879.899600000,
880.499600000,
881.099600000,
881.699600000,
882.299600000,
882.899600000,
883.499600000,
884.099600000,
884.699600000,
885.299600000,
885.899600000,
886.499600000,
887.099600000,
887.699600000,
888.299600000,
888.899600000,
889.499600000,
890.099600000,
890.699600000,
891.299600000,
891.899600000,
892.499600000,
893.099600000,
893.699600000,
894.299600000,
894.899600000,
895.499600000,
896.099600000,
896.699600000,
897.299600000,
897.899600000,
898.499600000,
899.099600000,
899.699600000,
900.299600000,
900.899700000,
901.498500000,
902.096700000,
902.694300000,
903.291300000,
903.887700000,
904.483500000,
905.078700000,
905.673300000,
906.267300000,
906.860700000,
907.453500000,
908.045700000,
908.637300000,
909.228300000,
909.818700000,
910.408500000,
910.997700000,
911.586300000,
912.174300000,
912.761700000,
913.348500000,
913.934700000,
914.520300000,
915.105300000,
915.689700000,
916.273500000,
916.856700000,
917.439300000,
918.021300000,
918.602700000,
919.183500000,
919.763700000,
920.343300000,
920.922300000,
921.500700000,
922.078500000,
922.655700000,
923.232300000,
923.808300000,
924.383700000,
924.958500000,
925.532700000,
926.106300000,
926.679300000,
927.251700000,
927.823500000,
928.394700000,
928.965300000,
929.535300000,
930.104700000,
930.673500000,
931.241700000,
931.809300000,
932.376300000,
932.942700000,
933.508500000,
934.073700000,
934.638300000,
935.202300000,
935.765700000,
936.328500000,
936.890700000,
937.452300000,
938.013300000,
938.573700000,
939.133500000,
939.692700000,
940.251300000,
940.809300000,
941.366700000,
941.923500000,
942.479700000,
943.035300000,
943.590300000,
944.144700000,
944.698500000,
945.251700000,
945.804300000,
946.356300000,
946.907700000,
947.458500000,
948.008700000,
948.558300000,
949.107300000,
949.655700000,
950.203500000,
950.750700000,
951.297300000,
951.843300000,
952.388700000,
952.933500000,
953.477700000,
954.021300000,
954.564300000,
955.106700000,
955.648500000,
956.189700000,
956.730300000,
957.270300000,
957.809700000,
958.348500000,
958.886700000,
959.424300000,
959.961300000,
960.497700000,
961.033500000,
961.568700000,
962.103300000,
962.637300000,
963.170700000,
963.703500000,
964.235700000,
964.767300000,
965.298300000,
965.828700000,
966.358500000,
966.887700000,
967.416300000,
967.944300000,
968.471700000,
968.998500000,
969.524700000,
970.050300000,
970.575300000,
971.099700000,
971.623500000,
972.146700000,
972.669300000,
973.191300000,
973.712700000,
974.233500000,
974.753700000,
975.273300000,
975.792300000,
976.310700000,
976.828500000,
977.345700000,
977.862300000,
978.378300000,
978.893700000,
979.408500000,
979.922700000,
980.436300000,
980.949300000,
981.461700000,
981.973500000,
982.484700000,
982.995300000,
983.505300000,
984.014700000,
984.523500000,
985.031700000,
985.539300000,
986.046300000,
986.552700000,
987.058500000,
987.563700000,
988.068300000,
988.572300000,
989.075700000,
989.578500000,
990.080700000,
990.582300000,
991.083300000,
991.583700000,
992.083500000,
992.582700000,
993.081300000,
993.579300000,
994.076700000,
994.573500000,
995.069700000,
995.565300000,
996.060300000,
996.554700000,
997.048500000,
997.541700000,
998.034300000,
998.526300000,
999.017700000,
999.508500000,
999.998700000,
1000.488300000,
1000.977300000,
1001.465700000,
1001.953500000,
1002.440700000,
1002.927300000,
1003.413300000,
1003.898700000,
1004.383500000,
1004.867700000,
1005.351300000,
1005.834300000,
1006.316700000,
1006.798500000,
1007.279700000,
1007.760300000,
1008.240300000,
1008.719700000,
1009.198500000,
1009.676700000,
1010.154300000,
1010.631300000,
1011.107700000,
1011.583500000,
1012.058700000,
1012.533300000,
1013.007300000,
1013.480700000,
1013.953500000,
1014.425700000,
1014.897300000,
1015.368300000,
1015.838700000,
1016.308500000,
1016.777700000,
1017.246300000,
1017.714300000,
1018.181700000,
1018.648500000,
1019.114700000,
1019.580300000,
1020.045300000,
1020.509700000,
1020.973500000,
1021.436700000,
1021.899300000,
1022.361300000,
1022.822700000,
1023.283500000,
1023.743700000,
1024.203300000,
1024.662300000,
1025.120700000,
1025.578500000,
1026.035700000,
1026.492300000,
1026.948300000,
1027.403700000,
1027.858500000,
1028.312700000,
1028.766300000,
1029.219300000,
1029.671700000,
1030.123500000,
1030.574700000,
1031.025300000,
1031.475300000,
1031.924700000,
1032.373500000,
1032.821700000,
1033.269300000,
1033.716300000,
1034.162700000,
1034.608500000,
1035.053700000,
1035.498300000,
1035.942300000,
1036.385700000,
1036.828500000,
1037.270700000,
1037.712300000,
1038.153300000,
1038.593700000,
1039.033500000,
1039.472700000,
1039.911300000,
1040.349300000,
1040.786700000,
1041.223500000,
1041.659700000,
1042.095300000,
1042.530300000,
1042.964700000,
1043.398500000,
1043.831700000,
1044.264300000,
1044.696300000,
1045.127700000,
1045.558500000,
1045.988700000,
1046.418300000,
1046.847300000,
1047.275700000,
1047.703500000,
1048.130700000,
1048.557300000,
1048.983300000,
1049.408700000,
1049.833500000,
1050.257700000,
1050.681300000,
1051.104300000,
1051.526700000,
1051.948500000,
1052.369700000,
1052.790300000,
1053.210300000,
1053.629700000,
1054.048500000,
1054.466700000,
1054.884300000,
1055.301300000,
1055.717700000,
1056.133500000,
1056.548700000,
1056.963300000,
1057.377300000,
1057.790700000,
1058.203500000,
1058.615700000,
1059.027300000,
1059.438300000,
1059.848700000,
1060.258500000,
1060.667700000,
1061.076300000,
1061.484300000,
1061.891700000,
1062.298500000,
1062.704700000,
1063.110300000,
1063.515300000,
1063.919700000,
1064.323500000,
1064.726700000,
1065.129300000,
1065.531300000,
1065.932700000,
1066.333500000,
1066.733700000,
1067.133300000,
1067.532300000,
1067.930700000,
1068.328500000,
1068.725700000,
1069.122300000,
1069.518300000,
1069.913700000,
1070.308500000,
1070.702700000,
1071.096300000,
1071.489300000,
1071.881700000,
1072.273500000,
1072.664700000,
1073.055300000,
1073.445300000,
1073.834700000,
1074.223500000,
1074.611700000,
1074.999300000,
1075.386300000,
1075.772700000,
1076.158500000,
1076.543700000,
1076.928300000,
1077.312300000,
1077.695700000,
1078.078500000,
1078.460700000,
1078.842300000,
1079.223300000,
1079.603700000,
1079.983500000,
1080.362700000,
1080.741300000,
1081.119300000,
1081.496700000,
1081.873500000,
1082.249700000,
1082.625300000,
1083.000300000,
1083.374700000,
1083.748500000,
1084.121700000,
1084.494300000,
1084.866300000,
1085.237700000,
1085.608500000,
1085.978700000,
1086.348300000,
1086.717300000,
1087.085700000,
1087.453500000,
1087.820700000,
1088.187300000,
1088.553300000,
1088.918700000,
1089.283500000,
1089.647700000,
1090.011300000,
1090.374300000,
1090.736700000,
1091.098500000,
1091.459700000,
1091.820300000,
1092.180300000,
1092.539700000,
1092.898500000,
1093.256700000,
1093.614300000,
1093.971300000,
1094.327700000,
1094.683500000,
1095.038700000,
1095.393300000,
1095.747300000,
1096.100700000,
1096.453500000,
1096.805700000,
1097.157300000,
1097.508300000,
1097.858700000,
1098.208500000,
1098.557700000,
1098.906300000,
1099.254300000,
1099.601700000,
1099.948500000,
1100.294700000,
1100.640300000,
1100.985300000,
1101.329700000,
1101.673500000,
1102.016700000,
1102.359300000,
1102.701300000,
1103.042700000,
1103.383500000,
1103.723700000,
1104.063300000,
1104.402300000,
1104.740700000,
1105.078500000,
1105.415700000,
1105.752300000,
1106.088300000,
1106.423700000,
1106.758500000,
1107.092700000,
1107.426300000,
1107.759300000,
1108.091700000,
1108.423500000,
1108.754700000,
1109.085300000,
1109.415300000,
1109.744700000,
1110.073500000,
1110.401700000,
1110.729300000,
1111.056300000,
1111.382700000,
1111.708500000,
1112.033700000,
1112.358300000,
1112.682300000,
1113.005700000,
1113.328500000,
1113.650700000,
1113.972300000,
1114.293300000,
1114.613700000,
1114.933500000,
1115.252700000,
1115.571300000,
1115.889300000,
1116.206700000,
1116.523500000,
1116.839700000,
1117.155300000,
1117.470300000,
1117.784700000,
1118.098500000,
1118.411700000,
1118.724300000,
1119.036300000,
1119.347700000,
1119.658500000,
1119.968700000,
1120.278300000,
1120.587300000,
1120.895700000,
1121.203500000,
1121.510700000,
1121.817300000,
1122.123300000,
1122.428700000,
1122.733500000,
1123.037700000,
1123.341300000,
1123.644300000,
1123.946700000,
1124.248500000,
1124.549700000,
1124.850300000,
1125.150300000,
1125.449700000,
1125.748500000,
1126.046700000,
1126.344300000,
1126.641300000,
1126.937700000,
1127.233500000,
1127.528700000,
1127.823300000,
1128.117300000,
1128.410700000,
1128.703500000,
1128.995700000,
1129.287300000,
1129.578300000,
1129.868700000,
1130.158500000,
1130.447700000,
1130.736300000,
1131.024300000,
1131.311700000,
1131.598500000,
1131.884700000,
1132.170300000,
1132.455300000,
1132.739700000,
1133.023500000,
1133.306700000,
1133.589300000,
1133.871300000,
1134.152700000,
1134.433500000,
1134.713700000,
1134.993300000,
1135.272300000,
1135.550700000,
1135.828500000,
1136.105700000,
1136.382300000,
1136.658300000,
1136.933700000,
1137.208500000,
1137.482700000,
1137.756300000,
1138.029300000,
1138.301700000,
1138.573500000,
1138.844700000,
1139.115300000,
1139.385300000,
1139.654700000,
1139.923500000,
1140.191700000,
1140.459300000,
1140.726300000,
1140.992700000,
1141.258500000,
1141.523700000,
1141.788300000,
1142.052300000,
1142.315700000,
1142.578500000,
1142.840700000,
1143.102300000,
1143.363300000,
1143.623700000,
1143.883500000,
1144.142700000,
1144.401300000,
1144.659300000,
1144.916700000,
1145.173500000,
1145.429700000,
1145.685300000,
1145.940300000,
1146.194700000,
1146.448500000,
1146.701700000,
1146.954300000,
1147.206300000,
1147.457700000,
1147.708500000,
1147.958700000,
1148.208300000,
1148.457300000,
1148.705700000,
1148.953500000,
1149.200700000,
1149.447300000,
1149.693300000,
1149.938700000,
1150.183500000,
1150.427700000,
1150.671300000,
1150.914300000,
1151.156700000,
1151.398500000,
1151.639700000,
1151.880300000,
1152.120300000,
1152.359700000,
1152.598500000,
1152.836700000,
1153.074300000,
1153.311300000,
1153.547700000,
1153.783500000,
1154.018700000,
1154.253300000,
1154.487300000,
1154.720700000,
1154.953500000,
1155.185700000,
1155.417300000,
1155.648300000,
1155.878700000,
1156.108500000,
1156.337700000,
1156.566300000,
1156.794300000,
1157.021700000,
1157.248500000,
1157.474700000,
1157.700300000,
1157.925300000,
1158.149700000,
1158.373500000,
1158.596700000,
1158.819300000,
1159.041300000,
1159.262700000,
1159.483500000,
1159.703700000,
1159.923300000,
1160.142300000,
1160.360700000,
1160.578500000,
1160.795700000,
1161.012300000,
1161.228300000,
1161.443700000,
1161.658500000,
1161.872700000,
1162.086300000,
1162.299300000,
1162.511700000,
1162.723500000,
1162.934700000,
1163.145300000,
1163.355300000,
1163.564700000,
1163.773500000,
1163.981700000,
1164.189300000,
1164.396300000,
1164.602700000,
1164.808500000,
1165.013700000,
1165.218300000,
1165.422300000,
1165.625700000,
1165.828500000,
1166.030700000,
1166.232300000,
1166.433300000,
1166.633700000,
1166.833500000,
1167.032700000,
1167.231300000,
1167.429300000,
1167.626700000,
1167.823500000,
1168.019700000,
1168.215300000,
1168.410300000,
1168.604700000,
1168.798500000,
1168.991700000,
1169.184300000,
1169.376300000,
1169.567700000,
1169.758500000,
1169.948700000,
1170.138300000,
1170.327300000,
1170.515700000,
1170.703500000,
1170.890700000,
1171.077300000,
1171.263300000,
1171.448700000,
1171.633500000,
1171.817700000,
1172.001300000,
1172.184300000,
1172.366700000,
1172.548500000,
1172.729700000,
1172.910300000,
1173.090300000,
1173.269700000,
1173.448500000,
1173.626700000,
1173.804300000,
1173.981300000,
1174.157700000,
1174.333500000,
1174.508700000,
1174.683300000,
1174.857300000,
1175.030700000,
1175.203500000,
1175.375700000,
1175.547300000,
1175.718300000,
1175.888700000,
1176.058500000,
1176.227700000,
1176.396300000,
1176.564300000,
1176.731700000,
1176.898500000,
1177.064700000,
1177.230300000,
1177.395300000,
1177.559700000,
1177.723500000,
1177.886700000,
1178.049300000,
1178.211300000,
1178.372700000,
1178.533500000,
1178.693700000,
1178.853300000,
1179.012300000,
1179.170700000,
1179.328500000,
1179.485700000,
1179.642300000,
1179.798300000,
1179.953700000,
1180.108500000,
1180.262700000,
1180.416300000,
1180.569300000,
1180.721700000,
1180.873500000,
1181.024700000,
1181.175300000,
1181.325300000,
1181.474700000,
1181.623500000,
1181.771700000,
1181.919300000,
1182.066300000,
1182.212700000,
1182.358500000,
1182.503700000,
1182.648300000,
1182.792300000,
1182.935700000,
1183.078500000,
1183.220700000,
1183.362300000,
1183.503300000,
1183.643700000,
1183.783500000,
1183.922700000,
1184.061300000,
1184.199300000,
1184.336700000,
1184.473500000,
1184.609700000,
1184.745300000,
1184.880300000,
1185.014700000,
1185.148500000,
1185.281700000,
1185.414300000,
1185.546300000,
1185.677700000,
1185.808500000,
1185.938700000,
1186.068300000,
1186.197300000,
1186.325700000,
1186.453500000,
1186.580700000,
1186.707300000,
1186.833300000,
1186.958700000,
1187.083500000,
1187.207700000,
1187.331300000,
1187.454300000,
1187.576700000,
1187.698500000,
1187.819700000,
1187.940300000,
1188.060300000,
1188.179700000,
1188.298500000,
1188.416700000,
1188.534300000,
1188.651300000,
1188.767700000,
1188.883500000,
1188.998700000,
1189.113300000,
1189.227300000,
1189.340700000,
1189.453500000,
1189.565700000,
1189.677300000,
1189.788300000,
1189.898700000,
1190.008500000,
1190.117700000,
1190.226300000,
1190.334300000,
1190.441700000,
1190.548500000,
1190.654700000,
1190.760300000,
1190.865300000,
1190.969700000,
1191.073500000,
1191.176700000,
1191.279300000,
1191.381300000,
1191.482700000,
1191.583500000,
1191.683700000,
1191.783300000,
1191.882300000,
1191.980700000,
1192.078500000,
1192.175700000,
1192.272300000,
1192.368300000,
1192.463700000,
1192.558500000,
1192.652700000,
1192.746300000,
1192.839300000,
1192.931700000,
1193.023500000,
1193.114700000,
1193.205300000,
1193.295300000,
1193.384700000,
1193.473500000,
1193.561700000,
1193.649300000,
1193.736300000,
1193.822700000,
1193.908500000,
1193.993700000,
1194.078300000,
1194.162300000,
1194.245700000,
1194.328500000,
1194.410700000,
1194.492300000,
1194.573300000,
1194.653700000,
1194.733500000,
1194.812700000,
1194.891300000,
1194.969300000,
1195.046700000,
1195.123500000,
1195.199700000,
1195.275300000,
1195.350300000,
1195.424700000,
1195.498500000,
1195.571700000,
1195.644300000,
1195.716300000,
1195.787700000,
1195.858500000,
1195.928700000,
1195.998300000,
1196.067300000,
1196.135700000,
1196.203500000,
1196.270700000,
1196.337300000,
1196.403300000,
1196.468700000,
1196.533500000,
1196.597700000,
1196.661300000,
1196.724300000,
1196.786700000,
1196.848500000,
1196.909700000,
1196.970300000,
1197.030300000,
1197.089700000,
1197.148500000,
1197.206700000,
1197.264300000,
1197.321300000,
1197.377700000,
1197.433500000,
1197.488700000,
1197.543300000,
1197.597300000,
1197.650700000,
1197.703500000,
1197.755700000,
1197.807300000,
1197.858300000,
1197.908700000,
1197.958500000,
1198.007700000,
1198.056300000,
1198.104300000,
1198.151700000,
1198.198500000,
1198.244700000,
1198.290300000,
1198.335300000,
1198.379700000,
1198.423500000,
1198.466700000,
1198.509300000,
1198.551300000,
1198.592700000,
1198.633500000,
1198.673700000,
1198.713300000,
1198.752300000,
1198.790700000,
1198.828500000,
1198.865700000,
1198.902300000,
1198.938300000,
1198.973700000,
1199.008500000,
1199.042700000,
1199.076300000,
1199.109300000,
1199.141700000,
1199.173500000,
1199.204700000,
1199.235300000,
1199.265300000,
1199.294700000,
1199.323500000,
1199.351700000,
1199.379300000,
1199.406300000,
1199.432700000,
1199.458500000,
1199.483700000,
1199.508300000,
1199.532300000,
1199.555700000,
1199.578500000,
1199.600700000,
1199.622300000,
1199.643300000,
1199.663700000,
1199.683500000,
1199.702700000,
1199.721300000,
1199.739300000,
1199.756700000,
1199.773500000,
1199.789700000,
1199.805300000,
1199.820300000,
1199.834700000,
1199.848500000,
1199.861700000,
1199.874300000,
1199.886300000,
1199.897700000,
1199.908500000,
1199.918700000,
1199.928300000,
1199.937300000,
1199.945700000,
1199.953500000,
1199.960700000,
1199.967300000,
1199.973300000,
1199.978700000,
1199.983500000,
1199.987700000,
1199.991300000,
1199.994300000,
1199.996700000,
1199.998500000,
1199.999700000,
1200.000300000,
1200.000300000
};

public static double[] PointsVelocity = newdouble[]{
0.000000000,
0.010000000,
0.120000000,
0.180000000,
0.240000000,
0.300000000,
0.360000000,
0.420000000,
0.480000000,
0.540000000,
0.600000000,
0.660000000,
0.720000000,
0.780000000,
0.840000000,
0.900000000,
0.960000000,
1.020000000,
1.080000000,
1.140000000,
1.200000000,
1.260000000,
1.320000000,
1.380000000,
1.440000000,
1.500000000,
1.560000000,
1.620000000,
1.680000000,
1.740000000,
1.800000000,
1.860000000,
1.920000000,
1.980000000,
2.040000000,
2.100000000,
2.160000000,
2.220000000,
2.280000000,
2.340000000,
2.400000000,
2.460000000,
2.520000000,
2.580000000,
2.640000000,
2.700000000,
2.760000000,
2.820000000,
2.880000000,
2.940000000,
3.000000000,
3.060000000,
3.120000000,
3.180000000,
3.240000000,
3.300000000,
3.360000000,
3.420000000,
3.480000000,
3.540000000,
3.600000000,
3.660000000,
3.720000000,
3.780000000,
3.840000000,
3.900000000,
3.960000000,
4.020000000,
4.080000000,
4.140000000,
4.200000000,
4.260000000,
4.320000000,
4.380000000,
4.440000000,
4.500000000,
4.560000000,
4.620000000,
4.680000000,
4.740000000,
4.800000000,
4.860000000,
4.920000000,
4.980000000,
5.040000000,
5.100000000,
5.160000000,
5.220000000,
5.280000000,
5.340000000,
5.400000000,
5.460000000,
5.520000000,
5.580000000,
5.640000000,
5.700000000,
5.760000000,
5.820000000,
5.880000000,
5.940000000,
6.000000000,
6.060000000,
6.120000000,
6.180000000,
6.240000000,
6.300000000,
6.360000000,
6.420000000,
6.480000000,
6.540000000,
6.600000000,
6.660000000,
6.720000000,
6.780000000,
6.840000000,
6.900000000,
6.960000000,
7.020000000,
7.080000000,
7.140000000,
7.200000000,
7.260000000,
7.320000000,
7.380000000,
7.440000000,
7.500000000,
7.560000000,
7.620000000,
7.680000000,
7.740000000,
7.800000000,
7.860000000,
7.920000000,
7.980000000,
8.040000000,
8.100000000,
8.160000000,
8.220000000,
8.280000000,
8.340000000,
8.400000000,
8.460000000,
8.520000000,
8.580000000,
8.640000000,
8.700000000,
8.760000000,
8.820000000,
8.880000000,
8.940000000,
9.000000000,
9.060000000,
9.120000000,
9.180000000,
9.240000000,
9.300000000,
9.360000000,
9.420000000,
9.480000000,
9.540000000,
9.600000000,
9.660000000,
9.720000000,
9.780000000,
9.840000000,
9.900000000,
9.960000000,
10.020000000,
10.080000000,
10.140000000,
10.200000000,
10.260000000,
10.320000000,
10.380000000,
10.440000000,
10.500000000,
10.560000000,
10.620000000,
10.680000000,
10.740000000,
10.800000000,
10.860000000,
10.920000000,
10.980000000,
11.040000000,
11.100000000,
11.160000000,
11.220000000,
11.280000000,
11.340000000,
11.400000000,
11.460000000,
11.520000000,
11.580000000,
11.640000000,
11.700000000,
11.760000000,
11.820000000,
11.880000000,
11.940000000,
12.000000000,
12.060000000,
12.120000000,
12.180000000,
12.240000000,
12.300000000,
12.360000000,
12.420000000,
12.480000000,
12.540000000,
12.600000000,
12.660000000,
12.720000000,
12.780000000,
12.840000000,
12.900000000,
12.960000000,
13.020000000,
13.080000000,
13.140000000,
13.200000000,
13.260000000,
13.320000000,
13.380000000,
13.440000000,
13.500000000,
13.560000000,
13.620000000,
13.680000000,
13.740000000,
13.800000000,
13.860000000,
13.920000000,
13.980000000,
14.040000000,
14.100000000,
14.160000000,
14.220000000,
14.280000000,
14.340000000,
14.400000000,
14.460000000,
14.520000000,
14.580000000,
14.640000000,
14.700000000,
14.760000000,
14.820000000,
14.880000000,
14.940000000,
15.000000000,
15.060000000,
15.120000000,
15.180000000,
15.240000000,
15.300000000,
15.360000000,
15.420000000,
15.480000000,
15.540000000,
15.600000000,
15.660000000,
15.720000000,
15.780000000,
15.840000000,
15.900000000,
15.960000000,
16.020000000,
16.080000000,
16.140000000,
16.200000000,
16.260000000,
16.320000000,
16.380000000,
16.440000000,
16.500000000,
16.560000000,
16.620000000,
16.680000000,
16.740000000,
16.800000000,
16.860000000,
16.920000000,
16.980000000,
17.040000000,
17.100000000,
17.160000000,
17.220000000,
17.280000000,
17.340000000,
17.400000000,
17.460000000,
17.520000000,
17.580000000,
17.640000000,
17.700000000,
17.760000000,
17.820000000,
17.880000000,
17.940000000,
18.000000000,
18.060000000,
18.120000000,
18.180000000,
18.240000000,
18.300000000,
18.360000000,
18.420000000,
18.480000000,
18.540000000,
18.600000000,
18.660000000,
18.720000000,
18.780000000,
18.840000000,
18.900000000,
18.960000000,
19.020000000,
19.080000000,
19.140000000,
19.200000000,
19.260000000,
19.320000000,
19.380000000,
19.440000000,
19.500000000,
19.560000000,
19.620000000,
19.680000000,
19.740000000,
19.800000000,
19.860000000,
19.920000000,
19.980000000,
20.040000000,
20.100000000,
20.160000000,
20.220000000,
20.280000000,
20.340000000,
20.400000000,
20.460000000,
20.520000000,
20.580000000,
20.640000000,
20.700000000,
20.760000000,
20.820000000,
20.880000000,
20.940000000,
21.000000000,
21.060000000,
21.120000000,
21.180000000,
21.240000000,
21.300000000,
21.360000000,
21.420000000,
21.480000000,
21.540000000,
21.600000000,
21.660000000,
21.720000000,
21.780000000,
21.840000000,
21.900000000,
21.960000000,
22.020000000,
22.080000000,
22.140000000,
22.200000000,
22.260000000,
22.320000000,
22.380000000,
22.440000000,
22.500000000,
22.560000000,
22.620000000,
22.680000000,
22.740000000,
22.800000000,
22.860000000,
22.920000000,
22.980000000,
23.040000000,
23.100000000,
23.160000000,
23.220000000,
23.280000000,
23.340000000,
23.400000000,
23.460000000,
23.520000000,
23.580000000,
23.640000000,
23.700000000,
23.760000000,
23.820000000,
23.880000000,
23.940000000,
24.000000000,
24.060000000,
24.120000000,
24.180000000,
24.240000000,
24.300000000,
24.360000000,
24.420000000,
24.480000000,
24.540000000,
24.600000000,
24.660000000,
24.720000000,
24.780000000,
24.840000000,
24.900000000,
24.960000000,
25.020000000,
25.080000000,
25.140000000,
25.200000000,
25.260000000,
25.320000000,
25.380000000,
25.440000000,
25.500000000,
25.560000000,
25.620000000,
25.680000000,
25.740000000,
25.800000000,
25.860000000,
25.920000000,
25.980000000,
26.040000000,
26.100000000,
26.160000000,
26.220000000,
26.280000000,
26.340000000,
26.400000000,
26.460000000,
26.520000000,
26.580000000,
26.640000000,
26.700000000,
26.760000000,
26.820000000,
26.880000000,
26.940000000,
27.000000000,
27.060000000,
27.120000000,
27.180000000,
27.240000000,
27.300000000,
27.360000000,
27.420000000,
27.480000000,
27.540000000,
27.600000000,
27.660000000,
27.720000000,
27.780000000,
27.840000000,
27.900000000,
27.960000000,
28.020000000,
28.080000000,
28.140000000,
28.200000000,
28.260000000,
28.320000000,
28.380000000,
28.440000000,
28.500000000,
28.560000000,
28.620000000,
28.680000000,
28.740000000,
28.800000000,
28.860000000,
28.920000000,
28.980000000,
29.040000000,
29.100000000,
29.160000000,
29.220000000,
29.280000000,
29.340000000,
29.400000000,
29.460000000,
29.520000000,
29.580000000,
29.640000000,
29.700000000,
29.760000000,
29.820000000,
29.880000000,
29.940000000,
30.000000000,
30.060000000,
30.120000000,
30.180000000,
30.240000000,
30.300000000,
30.360000000,
30.420000000,
30.480000000,
30.540000000,
30.600000000,
30.660000000,
30.720000000,
30.780000000,
30.840000000,
30.900000000,
30.960000000,
31.020000000,
31.080000000,
31.140000000,
31.200000000,
31.260000000,
31.320000000,
31.380000000,
31.440000000,
31.500000000,
31.560000000,
31.620000000,
31.680000000,
31.740000000,
31.800000000,
31.860000000,
31.920000000,
31.980000000,
32.040000000,
32.100000000,
32.160000000,
32.220000000,
32.280000000,
32.340000000,
32.400000000,
32.460000000,
32.520000000,
32.580000000,
32.640000000,
32.700000000,
32.760000000,
32.820000000,
32.880000000,
32.940000000,
33.000000000,
33.060000000,
33.120000000,
33.180000000,
33.240000000,
33.300000000,
33.360000000,
33.420000000,
33.480000000,
33.540000000,
33.600000000,
33.660000000,
33.720000000,
33.780000000,
33.840000000,
33.900000000,
33.960000000,
34.020000000,
34.080000000,
34.140000000,
34.200000000,
34.260000000,
34.320000000,
34.380000000,
34.440000000,
34.500000000,
34.560000000,
34.620000000,
34.680000000,
34.740000000,
34.800000000,
34.860000000,
34.920000000,
34.980000000,
35.040000000,
35.100000000,
35.160000000,
35.220000000,
35.280000000,
35.340000000,
35.400000000,
35.460000000,
35.520000000,
35.580000000,
35.640000000,
35.700000000,
35.760000000,
35.820000000,
35.880000000,
35.940000000,
36.000000000,
36.060000000,
36.120000000,
36.180000000,
36.240000000,
36.300000000,
36.360000000,
36.420000000,
36.480000000,
36.540000000,
36.600000000,
36.660000000,
36.720000000,
36.780000000,
36.840000000,
36.900000000,
36.960000000,
37.020000000,
37.080000000,
37.140000000,
37.200000000,
37.260000000,
37.320000000,
37.380000000,
37.440000000,
37.500000000,
37.560000000,
37.620000000,
37.680000000,
37.740000000,
37.800000000,
37.860000000,
37.920000000,
37.980000000,
38.040000000,
38.100000000,
38.160000000,
38.220000000,
38.280000000,
38.340000000,
38.400000000,
38.460000000,
38.520000000,
38.580000000,
38.640000000,
38.700000000,
38.760000000,
38.820000000,
38.880000000,
38.940000000,
39.000000000,
39.060000000,
39.120000000,
39.180000000,
39.240000000,
39.300000000,
39.360000000,
39.420000000,
39.480000000,
39.540000000,
39.600000000,
39.660000000,
39.720000000,
39.780000000,
39.840000000,
39.900000000,
39.960000000,
40.020000000,
40.080000000,
40.140000000,
40.200000000,
40.260000000,
40.320000000,
40.380000000,
40.440000000,
40.500000000,
40.560000000,
40.620000000,
40.680000000,
40.740000000,
40.800000000,
40.860000000,
40.920000000,
40.980000000,
41.040000000,
41.100000000,
41.160000000,
41.220000000,
41.280000000,
41.340000000,
41.400000000,
41.460000000,
41.520000000,
41.580000000,
41.640000000,
41.700000000,
41.760000000,
41.820000000,
41.880000000,
41.940000000,
42.000000000,
42.060000000,
42.120000000,
42.180000000,
42.240000000,
42.300000000,
42.360000000,
42.420000000,
42.480000000,
42.540000000,
42.600000000,
42.660000000,
42.720000000,
42.780000000,
42.840000000,
42.900000000,
42.960000000,
43.020000000,
43.080000000,
43.140000000,
43.200000000,
43.260000000,
43.320000000,
43.380000000,
43.440000000,
43.500000000,
43.560000000,
43.620000000,
43.680000000,
43.740000000,
43.800000000,
43.860000000,
43.920000000,
43.980000000,
44.040000000,
44.100000000,
44.160000000,
44.220000000,
44.280000000,
44.340000000,
44.400000000,
44.460000000,
44.520000000,
44.580000000,
44.640000000,
44.700000000,
44.760000000,
44.820000000,
44.880000000,
44.940000000,
45.000000000,
45.060000000,
45.120000000,
45.180000000,
45.240000000,
45.300000000,
45.360000000,
45.420000000,
45.480000000,
45.540000000,
45.600000000,
45.660000000,
45.720000000,
45.780000000,
45.840000000,
45.900000000,
45.960000000,
46.020000000,
46.080000000,
46.140000000,
46.200000000,
46.260000000,
46.320000000,
46.380000000,
46.440000000,
46.500000000,
46.560000000,
46.620000000,
46.680000000,
46.740000000,
46.800000000,
46.860000000,
46.920000000,
46.980000000,
47.040000000,
47.100000000,
47.160000000,
47.220000000,
47.280000000,
47.340000000,
47.400000000,
47.460000000,
47.520000000,
47.580000000,
47.640000000,
47.700000000,
47.760000000,
47.820000000,
47.880000000,
47.940000000,
48.000000000,
48.060000000,
48.120000000,
48.180000000,
48.240000000,
48.300000000,
48.360000000,
48.420000000,
48.480000000,
48.540000000,
48.600000000,
48.660000000,
48.720000000,
48.780000000,
48.840000000,
48.900000000,
48.960000000,
49.020000000,
49.080000000,
49.140000000,
49.200000000,
49.260000000,
49.320000000,
49.380000000,
49.440000000,
49.500000000,
49.560000000,
49.620000000,
49.680000000,
49.740000000,
49.800000000,
49.860000000,
49.920000000,
49.980000000,
50.040000000,
50.100000000,
50.160000000,
50.220000000,
50.280000000,
50.340000000,
50.400000000,
50.460000000,
50.520000000,
50.580000000,
50.640000000,
50.700000000,
50.760000000,
50.820000000,
50.880000000,
50.940000000,
51.000000000,
51.060000000,
51.120000000,
51.180000000,
51.240000000,
51.300000000,
51.360000000,
51.420000000,
51.480000000,
51.540000000,
51.600000000,
51.660000000,
51.720000000,
51.780000000,
51.840000000,
51.900000000,
51.960000000,
52.020000000,
52.080000000,
52.140000000,
52.200000000,
52.260000000,
52.320000000,
52.380000000,
52.440000000,
52.500000000,
52.560000000,
52.620000000,
52.680000000,
52.740000000,
52.800000000,
52.860000000,
52.920000000,
52.980000000,
53.040000000,
53.100000000,
53.160000000,
53.220000000,
53.280000000,
53.340000000,
53.400000000,
53.460000000,
53.520000000,
53.580000000,
53.640000000,
53.700000000,
53.760000000,
53.820000000,
53.880000000,
53.940000000,
54.000000000,
54.060000000,
54.120000000,
54.180000000,
54.240000000,
54.300000000,
54.360000000,
54.420000000,
54.480000000,
54.540000000,
54.600000000,
54.660000000,
54.720000000,
54.780000000,
54.840000000,
54.900000000,
54.960000000,
55.020000000,
55.080000000,
55.140000000,
55.200000000,
55.260000000,
55.320000000,
55.380000000,
55.440000000,
55.500000000,
55.560000000,
55.620000000,
55.680000000,
55.740000000,
55.800000000,
55.860000000,
55.920000000,
55.980000000,
56.040000000,
56.100000000,
56.160000000,
56.220000000,
56.280000000,
56.340000000,
56.400000000,
56.460000000,
56.520000000,
56.580000000,
56.640000000,
56.700000000,
56.760000000,
56.820000000,
56.880000000,
56.940000000,
57.000000000,
57.060000000,
57.120000000,
57.180000000,
57.240000000,
57.300000000,
57.360000000,
57.420000000,
57.480000000,
57.540000000,
57.600000000,
57.660000000,
57.720000000,
57.780000000,
57.840000000,
57.900000000,
57.960000000,
58.020000000,
58.080000000,
58.140000000,
58.200000000,
58.260000000,
58.320000000,
58.380000000,
58.440000000,
58.500000000,
58.560000000,
58.620000000,
58.680000000,
58.740000000,
58.800000000,
58.860000000,
58.920000000,
58.980000000,
59.040000000,
59.100000000,
59.160000000,
59.220000000,
59.280000000,
59.340000000,
59.400000000,
59.460000000,
59.520000000,
59.580000000,
59.640000000,
59.700000000,
59.760000000,
59.820000000,
59.880000000,
59.940000000,
60.000000000,
60.010000000,
60.000000000,
60.000000000,
60.000000000,
60.000000000,
60.000000000,
60.000000000,
60.000000000,
60.000000000,
60.000000000,
60.000000000,
60.000000000,
60.000000000,
60.000000000,
60.000000000,
60.000000000,
60.000000000,
60.000000000,
60.000000000,
60.000000000,
60.000000000,
60.000000000,
60.000000000,
60.000000000,
60.000000000,
60.000000000,
60.000000000,
60.000000000,
60.000000000,
60.000000000,
60.000000000,
60.000000000,
60.000000000,
60.000000000,
60.000000000,
60.000000000,
60.000000000,
60.000000000,
60.000000000,
60.000000000,
60.000000000,
60.000000000,
60.000000000,
60.000000000,
60.000000000,
60.000000000,
60.000000000,
60.000000000,
60.000000000,
60.000000000,
60.000000000,
60.000000000,
60.000000000,
60.000000000,
60.000000000,
60.000000000,
60.000000000,
60.000000000,
60.000000000,
60.000000000,
60.000000000,
60.000000000,
60.000000000,
60.000000000,
60.000000000,
60.000000000,
60.000000000,
60.000000000,
60.000000000,
60.000000000,
60.000000000,
60.000000000,
60.000000000,
60.000000000,
60.000000000,
60.000000000,
60.000000000,
60.000000000,
60.000000000,
60.000000000,
60.000000000,
60.000000000,
60.000000000,
60.000000000,
60.000000000,
60.000000000,
60.000000000,
60.000000000,
60.000000000,
60.000000000,
60.000000000,
60.000000000,
60.000000000,
60.000000000,
60.000000000,
60.000000000,
60.000000000,
60.000000000,
60.000000000,
60.000000000,
60.000000000,
60.000000000,
60.000000000,
60.000000000,
60.000000000,
60.000000000,
60.000000000,
60.000000000,
60.000000000,
60.000000000,
60.000000000,
60.000000000,
60.000000000,
60.000000000,
60.000000000,
60.000000000,
60.000000000,
60.000000000,
60.000000000,
60.000000000,
60.000000000,
60.000000000,
60.000000000,
60.000000000,
60.000000000,
60.000000000,
60.000000000,
60.000000000,
60.000000000,
60.000000000,
60.000000000,
60.000000000,
60.000000000,
60.000000000,
60.000000000,
60.000000000,
60.000000000,
60.000000000,
60.000000000,
60.000000000,
60.000000000,
60.000000000,
60.000000000,
60.000000000,
60.000000000,
60.000000000,
60.000000000,
60.000000000,
60.000000000,
60.000000000,
60.000000000,
60.000000000,
60.000000000,
60.000000000,
60.000000000,
60.000000000,
60.000000000,
60.000000000,
60.000000000,
60.000000000,
60.000000000,
60.000000000,
60.000000000,
60.000000000,
60.000000000,
60.000000000,
60.000000000,
60.000000000,
60.000000000,
60.000000000,
60.000000000,
60.000000000,
60.000000000,
60.000000000,
60.000000000,
60.000000000,
60.000000000,
60.000000000,
60.000000000,
60.000000000,
60.000000000,
60.000000000,
60.000000000,
60.000000000,
60.000000000,
60.000000000,
60.000000000,
60.000000000,
60.000000000,
60.000000000,
60.000000000,
60.000000000,
60.000000000,
60.000000000,
60.000000000,
60.000000000,
60.000000000,
60.000000000,
60.000000000,
60.000000000,
60.000000000,
60.000000000,
60.000000000,
60.000000000,
60.000000000,
60.000000000,
60.000000000,
60.000000000,
60.000000000,
60.000000000,
60.000000000,
60.000000000,
60.000000000,
60.000000000,
60.000000000,
60.000000000,
60.000000000,
60.000000000,
60.000000000,
60.000000000,
60.000000000,
60.000000000,
60.000000000,
60.000000000,
60.000000000,
60.000000000,
60.000000000,
60.000000000,
60.000000000,
60.000000000,
60.000000000,
60.000000000,
60.000000000,
60.000000000,
60.000000000,
60.000000000,
60.000000000,
60.000000000,
60.000000000,
60.000000000,
60.000000000,
60.000000000,
60.000000000,
60.000000000,
60.000000000,
60.000000000,
60.000000000,
60.000000000,
60.000000000,
60.000000000,
60.000000000,
60.000000000,
60.000000000,
60.000000000,
60.000000000,
60.000000000,
60.000000000,
60.000000000,
60.000000000,
60.000000000,
60.000000000,
60.000000000,
60.000000000,
60.000000000,
60.000000000,
60.000000000,
60.000000000,
60.000000000,
60.000000000,
60.000000000,
60.000000000,
60.000000000,
60.000000000,
60.000000000,
60.000000000,
60.000000000,
60.000000000,
60.000000000,
60.000000000,
60.000000000,
60.000000000,
60.000000000,
60.000000000,
60.000000000,
60.000000000,
60.000000000,
60.000000000,
60.000000000,
60.000000000,
60.000000000,
60.000000000,
60.000000000,
60.000000000,
60.000000000,
60.000000000,
60.000000000,
60.000000000,
60.000000000,
60.000000000,
60.000000000,
60.000000000,
60.000000000,
60.000000000,
60.000000000,
60.000000000,
60.000000000,
60.000000000,
60.000000000,
60.000000000,
60.000000000,
60.000000000,
60.000000000,
60.000000000,
60.000000000,
60.000000000,
60.000000000,
60.000000000,
60.000000000,
60.000000000,
60.000000000,
60.000000000,
60.000000000,
60.000000000,
60.000000000,
60.000000000,
60.000000000,
60.000000000,
60.000000000,
60.000000000,
60.000000000,
60.000000000,
60.000000000,
60.000000000,
60.000000000,
60.000000000,
60.000000000,
60.000000000,
60.000000000,
60.000000000,
60.000000000,
60.000000000,
60.000000000,
60.000000000,
60.000000000,
60.000000000,
60.000000000,
60.000000000,
60.000000000,
60.000000000,
60.000000000,
60.000000000,
60.000000000,
60.000000000,
60.000000000,
60.000000000,
60.000000000,
60.000000000,
60.000000000,
60.000000000,
60.000000000,
60.000000000,
60.000000000,
60.000000000,
60.000000000,
60.000000000,
60.000000000,
60.000000000,
60.000000000,
60.000000000,
60.000000000,
60.000000000,
60.000000000,
60.000000000,
60.000000000,
60.000000000,
60.000000000,
60.000000000,
60.000000000,
60.000000000,
60.000000000,
60.000000000,
60.000000000,
60.000000000,
60.000000000,
60.000000000,
60.000000000,
60.000000000,
60.000000000,
60.000000000,
60.000000000,
60.000000000,
60.000000000,
60.000000000,
60.000000000,
60.000000000,
60.000000000,
60.000000000,
60.000000000,
60.000000000,
60.000000000,
60.000000000,
60.000000000,
60.000000000,
60.000000000,
60.000000000,
60.000000000,
60.000000000,
60.000000000,
60.000000000,
60.000000000,
60.000000000,
60.000000000,
60.000000000,
60.000000000,
60.000000000,
60.000000000,
60.000000000,
60.000000000,
60.000000000,
60.000000000,
60.000000000,
60.000000000,
60.000000000,
60.000000000,
60.000000000,
60.000000000,
60.000000000,
60.000000000,
60.000000000,
60.000000000,
60.000000000,
60.000000000,
60.000000000,
60.000000000,
60.000000000,
60.000000000,
60.000000000,
60.000000000,
60.000000000,
60.000000000,
60.000000000,
60.000000000,
60.000000000,
60.000000000,
60.000000000,
60.000000000,
60.000000000,
60.000000000,
60.000000000,
60.000000000,
60.000000000,
60.000000000,
60.000000000,
60.000000000,
60.000000000,
60.000000000,
60.000000000,
60.000000000,
60.000000000,
60.000000000,
60.000000000,
60.000000000,
60.000000000,
60.000000000,
60.000000000,
60.000000000,
60.000000000,
60.000000000,
60.000000000,
60.000000000,
60.000000000,
60.000000000,
60.000000000,
60.000000000,
60.000000000,
60.000000000,
60.000000000,
60.000000000,
60.000000000,
60.000000000,
60.000000000,
60.000000000,
60.000000000,
60.000000000,
60.000000000,
60.000000000,
60.000000000,
60.000000000,
60.000000000,
60.000000000,
60.000000000,
60.000000000,
60.000000000,
60.000000000,
60.000000000,
60.000000000,
60.000000000,
60.000000000,
60.000000000,
60.000000000,
60.000000000,
60.000000000,
60.000000000,
60.000000000,
60.000000000,
60.000000000,
60.000000000,
60.000000000,
60.000000000,
60.000000000,
60.000000000,
60.000000000,
60.000000000,
60.000000000,
60.000000000,
60.000000000,
60.000000000,
60.000000000,
60.000000000,
60.000000000,
60.000000000,
60.000000000,
60.000000000,
60.000000000,
60.000000000,
60.000000000,
60.000000000,
60.000000000,
60.000000000,
60.000000000,
60.000000000,
60.000000000,
60.000000000,
60.000000000,
60.000000000,
60.000000000,
60.000000000,
60.000000000,
60.000000000,
60.000000000,
60.000000000,
60.000000000,
60.000000000,
60.000000000,
60.000000000,
60.000000000,
60.000000000,
60.000000000,
60.000000000,
60.000000000,
60.000000000,
60.000000000,
60.000000000,
60.000000000,
60.000000000,
60.000000000,
60.000000000,
60.000000000,
60.000000000,
60.000000000,
60.000000000,
60.000000000,
60.000000000,
60.000000000,
60.000000000,
60.000000000,
60.000000000,
60.000000000,
60.000000000,
60.000000000,
60.000000000,
60.000000000,
60.000000000,
60.000000000,
60.000000000,
60.000000000,
60.000000000,
60.000000000,
60.000000000,
60.000000000,
60.000000000,
60.000000000,
60.000000000,
60.000000000,
60.000000000,
60.000000000,
60.000000000,
60.000000000,
60.000000000,
60.000000000,
60.000000000,
60.000000000,
60.000000000,
60.000000000,
60.000000000,
60.000000000,
60.000000000,
60.000000000,
60.000000000,
60.000000000,
60.000000000,
60.000000000,
60.000000000,
60.000000000,
60.000000000,
60.000000000,
60.000000000,
60.000000000,
60.000000000,
60.000000000,
60.000000000,
60.000000000,
60.000000000,
60.000000000,
60.000000000,
60.000000000,
60.000000000,
60.000000000,
60.000000000,
60.000000000,
60.000000000,
60.000000000,
60.000000000,
60.000000000,
60.000000000,
60.000000000,
60.000000000,
60.000000000,
60.000000000,
60.000000000,
60.000000000,
60.000000000,
60.000000000,
60.000000000,
60.000000000,
60.000000000,
60.000000000,
60.000000000,
60.000000000,
60.000000000,
60.000000000,
60.000000000,
60.000000000,
60.000000000,
60.000000000,
60.000000000,
60.000000000,
60.000000000,
60.000000000,
60.000000000,
60.000000000,
60.000000000,
60.000000000,
60.000000000,
60.000000000,
60.000000000,
60.000000000,
60.000000000,
60.000000000,
60.000000000,
60.000000000,
60.000000000,
60.000000000,
60.000000000,
60.000000000,
60.000000000,
60.000000000,
60.000000000,
60.000000000,
60.000000000,
60.000000000,
60.000000000,
60.000000000,
60.000000000,
60.000000000,
60.000000000,
60.000000000,
60.000000000,
60.000000000,
60.000000000,
60.000000000,
60.000000000,
60.000000000,
60.000000000,
60.000000000,
60.000000000,
60.000000000,
60.000000000,
60.000000000,
60.000000000,
60.000000000,
60.000000000,
60.000000000,
60.000000000,
60.000000000,
60.000000000,
60.000000000,
60.000000000,
60.000000000,
60.000000000,
60.000000000,
60.000000000,
60.000000000,
60.000000000,
60.000000000,
60.000000000,
60.000000000,
60.000000000,
60.000000000,
60.000000000,
60.000000000,
60.000000000,
60.000000000,
60.000000000,
60.000000000,
60.000000000,
60.000000000,
60.000000000,
60.000000000,
60.000000000,
60.000000000,
60.000000000,
60.000000000,
60.000000000,
60.000000000,
60.000000000,
60.000000000,
60.000000000,
60.000000000,
60.000000000,
60.000000000,
60.000000000,
60.000000000,
60.000000000,
60.000000000,
60.000000000,
60.000000000,
60.000000000,
60.000000000,
60.000000000,
60.000000000,
60.000000000,
60.000000000,
60.000000000,
60.000000000,
60.000000000,
60.000000000,
60.000000000,
60.000000000,
60.000000000,
60.000000000,
60.000000000,
60.000000000,
60.000000000,
60.000000000,
60.000000000,
60.000000000,
60.000000000,
60.000000000,
60.000000000,
60.000000000,
60.000000000,
60.000000000,
60.000000000,
60.000000000,
60.000000000,
60.000000000,
60.000000000,
60.000000000,
60.000000000,
60.000000000,
60.000000000,
60.000000000,
60.000000000,
60.000000000,
60.000000000,
60.000000000,
60.000000000,
60.000000000,
60.000000000,
60.000000000,
60.000000000,
60.000000000,
60.000000000,
60.000000000,
60.000000000,
60.000000000,
60.000000000,
60.000000000,
60.000000000,
60.000000000,
60.000000000,
60.000000000,
60.000000000,
60.000000000,
60.000000000,
60.000000000,
60.000000000,
60.000000000,
60.000000000,
60.000000000,
60.000000000,
60.000000000,
60.000000000,
60.000000000,
60.000000000,
60.000000000,
60.000000000,
60.000000000,
60.000000000,
60.000000000,
60.000000000,
60.000000000,
60.000000000,
60.000000000,
60.000000000,
60.000000000,
60.000000000,
60.000000000,
60.000000000,
60.000000000,
60.000000000,
60.000000000,
60.000000000,
60.000000000,
60.000000000,
60.000000000,
60.000000000,
60.000000000,
60.000000000,
60.000000000,
60.000000000,
60.000000000,
60.000000000,
60.000000000,
60.000000000,
60.000000000,
60.000000000,
60.000000000,
60.000000000,
60.000000000,
60.000000000,
60.000000000,
60.000000000,
60.000000000,
60.000000000,
60.000000000,
60.000000000,
60.000000000,
60.000000000,
60.000000000,
60.000000000,
60.000000000,
60.000000000,
60.000000000,
60.000000000,
60.000000000,
60.000000000,
60.000000000,
60.000000000,
60.000000000,
60.000000000,
60.000000000,
60.000000000,
60.000000000,
60.000000000,
60.000000000,
60.000000000,
60.000000000,
60.000000000,
60.000000000,
60.000000000,
60.000000000,
60.000000000,
60.000000000,
60.000000000,
60.000000000,
60.000000000,
60.000000000,
60.000000000,
60.000000000,
60.000000000,
60.000000000,
60.000000000,
60.000000000,
60.000000000,
60.000000000,
60.000000000,
60.000000000,
60.000000000,
60.000000000,
60.000000000,
60.000000000,
60.000000000,
60.000000000,
60.000000000,
60.000000000,
60.000000000,
60.000000000,
60.000000000,
60.000000000,
60.000000000,
60.000000000,
60.000000000,
60.000000000,
60.000000000,
60.000000000,
60.000000000,
60.000000000,
60.000000000,
60.000000000,
60.000000000,
60.000000000,
60.000000000,
60.000000000,
60.000000000,
60.000000000,
60.000000000,
60.000000000,
60.000000000,
60.000000000,
60.000000000,
60.000000000,
60.000000000,
60.000000000,
60.000000000,
60.000000000,
60.000000000,
60.000000000,
60.000000000,
60.000000000,
60.000000000,
60.000000000,
60.000000000,
60.000000000,
60.000000000,
60.000000000,
60.000000000,
60.000000000,
60.000000000,
60.000000000,
60.000000000,
60.000000000,
60.000000000,
60.000000000,
60.000000000,
60.000000000,
60.000000000,
60.000000000,
60.000000000,
60.000000000,
60.000000000,
60.000000000,
60.000000000,
60.000000000,
60.000000000,
60.000000000,
60.000000000,
60.000000000,
60.000000000,
60.000000000,
60.000000000,
60.000000000,
60.000000000,
60.000000000,
60.000000000,
60.000000000,
60.000000000,
60.000000000,
60.000000000,
60.000000000,
60.000000000,
60.000000000,
60.000000000,
60.000000000,
60.000000000,
60.000000000,
60.000000000,
60.000000000,
60.000000000,
60.000000000,
60.000000000,
60.000000000,
60.000000000,
60.000000000,
60.000000000,
60.000000000,
60.000000000,
60.000000000,
60.000000000,
60.000000000,
60.000000000,
60.000000000,
60.000000000,
60.000000000,
60.000000000,
60.000000000,
60.000000000,
60.000000000,
60.000000000,
60.010000000,
59.880000000,
59.820000000,
59.760000000,
59.700000000,
59.640000000,
59.580000000,
59.520000000,
59.460000000,
59.400000000,
59.340000000,
59.280000000,
59.220000000,
59.160000000,
59.100000000,
59.040000000,
58.980000000,
58.920000000,
58.860000000,
58.800000000,
58.740000000,
58.680000000,
58.620000000,
58.560000000,
58.500000000,
58.440000000,
58.380000000,
58.320000000,
58.260000000,
58.200000000,
58.140000000,
58.080000000,
58.020000000,
57.960000000,
57.900000000,
57.840000000,
57.780000000,
57.720000000,
57.660000000,
57.600000000,
57.540000000,
57.480000000,
57.420000000,
57.360000000,
57.300000000,
57.240000000,
57.180000000,
57.120000000,
57.060000000,
57.000000000,
56.940000000,
56.880000000,
56.820000000,
56.760000000,
56.700000000,
56.640000000,
56.580000000,
56.520000000,
56.460000000,
56.400000000,
56.340000000,
56.280000000,
56.220000000,
56.160000000,
56.100000000,
56.040000000,
55.980000000,
55.920000000,
55.860000000,
55.800000000,
55.740000000,
55.680000000,
55.620000000,
55.560000000,
55.500000000,
55.440000000,
55.380000000,
55.320000000,
55.260000000,
55.200000000,
55.140000000,
55.080000000,
55.020000000,
54.960000000,
54.900000000,
54.840000000,
54.780000000,
54.720000000,
54.660000000,
54.600000000,
54.540000000,
54.480000000,
54.420000000,
54.360000000,
54.300000000,
54.240000000,
54.180000000,
54.120000000,
54.060000000,
54.000000000,
53.940000000,
53.880000000,
53.820000000,
53.760000000,
53.700000000,
53.640000000,
53.580000000,
53.520000000,
53.460000000,
53.400000000,
53.340000000,
53.280000000,
53.220000000,
53.160000000,
53.100000000,
53.040000000,
52.980000000,
52.920000000,
52.860000000,
52.800000000,
52.740000000,
52.680000000,
52.620000000,
52.560000000,
52.500000000,
52.440000000,
52.380000000,
52.320000000,
52.260000000,
52.200000000,
52.140000000,
52.080000000,
52.020000000,
51.960000000,
51.900000000,
51.840000000,
51.780000000,
51.720000000,
51.660000000,
51.600000000,
51.540000000,
51.480000000,
51.420000000,
51.360000000,
51.300000000,
51.240000000,
51.180000000,
51.120000000,
51.060000000,
51.000000000,
50.940000000,
50.880000000,
50.820000000,
50.760000000,
50.700000000,
50.640000000,
50.580000000,
50.520000000,
50.460000000,
50.400000000,
50.340000000,
50.280000000,
50.220000000,
50.160000000,
50.100000000,
50.040000000,
49.980000000,
49.920000000,
49.860000000,
49.800000000,
49.740000000,
49.680000000,
49.620000000,
49.560000000,
49.500000000,
49.440000000,
49.380000000,
49.320000000,
49.260000000,
49.200000000,
49.140000000,
49.080000000,
49.020000000,
48.960000000,
48.900000000,
48.840000000,
48.780000000,
48.720000000,
48.660000000,
48.600000000,
48.540000000,
48.480000000,
48.420000000,
48.360000000,
48.300000000,
48.240000000,
48.180000000,
48.120000000,
48.060000000,
48.000000000,
47.940000000,
47.880000000,
47.820000000,
47.760000000,
47.700000000,
47.640000000,
47.580000000,
47.520000000,
47.460000000,
47.400000000,
47.340000000,
47.280000000,
47.220000000,
47.160000000,
47.100000000,
47.040000000,
46.980000000,
46.920000000,
46.860000000,
46.800000000,
46.740000000,
46.680000000,
46.620000000,
46.560000000,
46.500000000,
46.440000000,
46.380000000,
46.320000000,
46.260000000,
46.200000000,
46.140000000,
46.080000000,
46.020000000,
45.960000000,
45.900000000,
45.840000000,
45.780000000,
45.720000000,
45.660000000,
45.600000000,
45.540000000,
45.480000000,
45.420000000,
45.360000000,
45.300000000,
45.240000000,
45.180000000,
45.120000000,
45.060000000,
45.000000000,
44.940000000,
44.880000000,
44.820000000,
44.760000000,
44.700000000,
44.640000000,
44.580000000,
44.520000000,
44.460000000,
44.400000000,
44.340000000,
44.280000000,
44.220000000,
44.160000000,
44.100000000,
44.040000000,
43.980000000,
43.920000000,
43.860000000,
43.800000000,
43.740000000,
43.680000000,
43.620000000,
43.560000000,
43.500000000,
43.440000000,
43.380000000,
43.320000000,
43.260000000,
43.200000000,
43.140000000,
43.080000000,
43.020000000,
42.960000000,
42.900000000,
42.840000000,
42.780000000,
42.720000000,
42.660000000,
42.600000000,
42.540000000,
42.480000000,
42.420000000,
42.360000000,
42.300000000,
42.240000000,
42.180000000,
42.120000000,
42.060000000,
42.000000000,
41.940000000,
41.880000000,
41.820000000,
41.760000000,
41.700000000,
41.640000000,
41.580000000,
41.520000000,
41.460000000,
41.400000000,
41.340000000,
41.280000000,
41.220000000,
41.160000000,
41.100000000,
41.040000000,
40.980000000,
40.920000000,
40.860000000,
40.800000000,
40.740000000,
40.680000000,
40.620000000,
40.560000000,
40.500000000,
40.440000000,
40.380000000,
40.320000000,
40.260000000,
40.200000000,
40.140000000,
40.080000000,
40.020000000,
39.960000000,
39.900000000,
39.840000000,
39.780000000,
39.720000000,
39.660000000,
39.600000000,
39.540000000,
39.480000000,
39.420000000,
39.360000000,
39.300000000,
39.240000000,
39.180000000,
39.120000000,
39.060000000,
39.000000000,
38.940000000,
38.880000000,
38.820000000,
38.760000000,
38.700000000,
38.640000000,
38.580000000,
38.520000000,
38.460000000,
38.400000000,
38.340000000,
38.280000000,
38.220000000,
38.160000000,
38.100000000,
38.040000000,
37.980000000,
37.920000000,
37.860000000,
37.800000000,
37.740000000,
37.680000000,
37.620000000,
37.560000000,
37.500000000,
37.440000000,
37.380000000,
37.320000000,
37.260000000,
37.200000000,
37.140000000,
37.080000000,
37.020000000,
36.960000000,
36.900000000,
36.840000000,
36.780000000,
36.720000000,
36.660000000,
36.600000000,
36.540000000,
36.480000000,
36.420000000,
36.360000000,
36.300000000,
36.240000000,
36.180000000,
36.120000000,
36.060000000,
36.000000000,
35.940000000,
35.880000000,
35.820000000,
35.760000000,
35.700000000,
35.640000000,
35.580000000,
35.520000000,
35.460000000,
35.400000000,
35.340000000,
35.280000000,
35.220000000,
35.160000000,
35.100000000,
35.040000000,
34.980000000,
34.920000000,
34.860000000,
34.800000000,
34.740000000,
34.680000000,
34.620000000,
34.560000000,
34.500000000,
34.440000000,
34.380000000,
34.320000000,
34.260000000,
34.200000000,
34.140000000,
34.080000000,
34.020000000,
33.960000000,
33.900000000,
33.840000000,
33.780000000,
33.720000000,
33.660000000,
33.600000000,
33.540000000,
33.480000000,
33.420000000,
33.360000000,
33.300000000,
33.240000000,
33.180000000,
33.120000000,
33.060000000,
33.000000000,
32.940000000,
32.880000000,
32.820000000,
32.760000000,
32.700000000,
32.640000000,
32.580000000,
32.520000000,
32.460000000,
32.400000000,
32.340000000,
32.280000000,
32.220000000,
32.160000000,
32.100000000,
32.040000000,
31.980000000,
31.920000000,
31.860000000,
31.800000000,
31.740000000,
31.680000000,
31.620000000,
31.560000000,
31.500000000,
31.440000000,
31.380000000,
31.320000000,
31.260000000,
31.200000000,
31.140000000,
31.080000000,
31.020000000,
30.960000000,
30.900000000,
30.840000000,
30.780000000,
30.720000000,
30.660000000,
30.600000000,
30.540000000,
30.480000000,
30.420000000,
30.360000000,
30.300000000,
30.240000000,
30.180000000,
30.120000000,
30.060000000,
30.000000000,
29.940000000,
29.880000000,
29.820000000,
29.760000000,
29.700000000,
29.640000000,
29.580000000,
29.520000000,
29.460000000,
29.400000000,
29.340000000,
29.280000000,
29.220000000,
29.160000000,
29.100000000,
29.040000000,
28.980000000,
28.920000000,
28.860000000,
28.800000000,
28.740000000,
28.680000000,
28.620000000,
28.560000000,
28.500000000,
28.440000000,
28.380000000,
28.320000000,
28.260000000,
28.200000000,
28.140000000,
28.080000000,
28.020000000,
27.960000000,
27.900000000,
27.840000000,
27.780000000,
27.720000000,
27.660000000,
27.600000000,
27.540000000,
27.480000000,
27.420000000,
27.360000000,
27.300000000,
27.240000000,
27.180000000,
27.120000000,
27.060000000,
27.000000000,
26.940000000,
26.880000000,
26.820000000,
26.760000000,
26.700000000,
26.640000000,
26.580000000,
26.520000000,
26.460000000,
26.400000000,
26.340000000,
26.280000000,
26.220000000,
26.160000000,
26.100000000,
26.040000000,
25.980000000,
25.920000000,
25.860000000,
25.800000000,
25.740000000,
25.680000000,
25.620000000,
25.560000000,
25.500000000,
25.440000000,
25.380000000,
25.320000000,
25.260000000,
25.200000000,
25.140000000,
25.080000000,
25.020000000,
24.960000000,
24.900000000,
24.840000000,
24.780000000,
24.720000000,
24.660000000,
24.600000000,
24.540000000,
24.480000000,
24.420000000,
24.360000000,
24.300000000,
24.240000000,
24.180000000,
24.120000000,
24.060000000,
24.000000000,
23.940000000,
23.880000000,
23.820000000,
23.760000000,
23.700000000,
23.640000000,
23.580000000,
23.520000000,
23.460000000,
23.400000000,
23.340000000,
23.280000000,
23.220000000,
23.160000000,
23.100000000,
23.040000000,
22.980000000,
22.920000000,
22.860000000,
22.800000000,
22.740000000,
22.680000000,
22.620000000,
22.560000000,
22.500000000,
22.440000000,
22.380000000,
22.320000000,
22.260000000,
22.200000000,
22.140000000,
22.080000000,
22.020000000,
21.960000000,
21.900000000,
21.840000000,
21.780000000,
21.720000000,
21.660000000,
21.600000000,
21.540000000,
21.480000000,
21.420000000,
21.360000000,
21.300000000,
21.240000000,
21.180000000,
21.120000000,
21.060000000,
21.000000000,
20.940000000,
20.880000000,
20.820000000,
20.760000000,
20.700000000,
20.640000000,
20.580000000,
20.520000000,
20.460000000,
20.400000000,
20.340000000,
20.280000000,
20.220000000,
20.160000000,
20.100000000,
20.040000000,
19.980000000,
19.920000000,
19.860000000,
19.800000000,
19.740000000,
19.680000000,
19.620000000,
19.560000000,
19.500000000,
19.440000000,
19.380000000,
19.320000000,
19.260000000,
19.200000000,
19.140000000,
19.080000000,
19.020000000,
18.960000000,
18.900000000,
18.840000000,
18.780000000,
18.720000000,
18.660000000,
18.600000000,
18.540000000,
18.480000000,
18.420000000,
18.360000000,
18.300000000,
18.240000000,
18.180000000,
18.120000000,
18.060000000,
18.000000000,
17.940000000,
17.880000000,
17.820000000,
17.760000000,
17.700000000,
17.640000000,
17.580000000,
17.520000000,
17.460000000,
17.400000000,
17.340000000,
17.280000000,
17.220000000,
17.160000000,
17.100000000,
17.040000000,
16.980000000,
16.920000000,
16.860000000,
16.800000000,
16.740000000,
16.680000000,
16.620000000,
16.560000000,
16.500000000,
16.440000000,
16.380000000,
16.320000000,
16.260000000,
16.200000000,
16.140000000,
16.080000000,
16.020000000,
15.960000000,
15.900000000,
15.840000000,
15.780000000,
15.720000000,
15.660000000,
15.600000000,
15.540000000,
15.480000000,
15.420000000,
15.360000000,
15.300000000,
15.240000000,
15.180000000,
15.120000000,
15.060000000,
15.000000000,
14.940000000,
14.880000000,
14.820000000,
14.760000000,
14.700000000,
14.640000000,
14.580000000,
14.520000000,
14.460000000,
14.400000000,
14.340000000,
14.280000000,
14.220000000,
14.160000000,
14.100000000,
14.040000000,
13.980000000,
13.920000000,
13.860000000,
13.800000000,
13.740000000,
13.680000000,
13.620000000,
13.560000000,
13.500000000,
13.440000000,
13.380000000,
13.320000000,
13.260000000,
13.200000000,
13.140000000,
13.080000000,
13.020000000,
12.960000000,
12.900000000,
12.840000000,
12.780000000,
12.720000000,
12.660000000,
12.600000000,
12.540000000,
12.480000000,
12.420000000,
12.360000000,
12.300000000,
12.240000000,
12.180000000,
12.120000000,
12.060000000,
12.000000000,
11.940000000,
11.880000000,
11.820000000,
11.760000000,
11.700000000,
11.640000000,
11.580000000,
11.520000000,
11.460000000,
11.400000000,
11.340000000,
11.280000000,
11.220000000,
11.160000000,
11.100000000,
11.040000000,
10.980000000,
10.920000000,
10.860000000,
10.800000000,
10.740000000,
10.680000000,
10.620000000,
10.560000000,
10.500000000,
10.440000000,
10.380000000,
10.320000000,
10.260000000,
10.200000000,
10.140000000,
10.080000000,
10.020000000,
9.960000000,
9.900000000,
9.840000000,
9.780000000,
9.720000000,
9.660000000,
9.600000000,
9.540000000,
9.480000000,
9.420000000,
9.360000000,
9.300000000,
9.240000000,
9.180000000,
9.120000000,
9.060000000,
9.000000000,
8.940000000,
8.880000000,
8.820000000,
8.760000000,
8.700000000,
8.640000000,
8.580000000,
8.520000000,
8.460000000,
8.400000000,
8.340000000,
8.280000000,
8.220000000,
8.160000000,
8.100000000,
8.040000000,
7.980000000,
7.920000000,
7.860000000,
7.800000000,
7.740000000,
7.680000000,
7.620000000,
7.560000000,
7.500000000,
7.440000000,
7.380000000,
7.320000000,
7.260000000,
7.200000000,
7.140000000,
7.080000000,
7.020000000,
6.960000000,
6.900000000,
6.840000000,
6.780000000,
6.720000000,
6.660000000,
6.600000000,
6.540000000,
6.480000000,
6.420000000,
6.360000000,
6.300000000,
6.240000000,
6.180000000,
6.120000000,
6.060000000,
6.000000000,
5.940000000,
5.880000000,
5.820000000,
5.760000000,
5.700000000,
5.640000000,
5.580000000,
5.520000000,
5.460000000,
5.400000000,
5.340000000,
5.280000000,
5.220000000,
5.160000000,
5.100000000,
5.040000000,
4.980000000,
4.920000000,
4.860000000,
4.800000000,
4.740000000,
4.680000000,
4.620000000,
4.560000000,
4.500000000,
4.440000000,
4.380000000,
4.320000000,
4.260000000,
4.200000000,
4.140000000,
4.080000000,
4.020000000,
3.960000000,
3.900000000,
3.840000000,
3.780000000,
3.720000000,
3.660000000,
3.600000000,
3.540000000,
3.480000000,
3.420000000,
3.360000000,
3.300000000,
3.240000000,
3.180000000,
3.120000000,
3.060000000,
3.000000000,
2.940000000,
2.880000000,
2.820000000,
2.760000000,
2.700000000,
2.640000000,
2.580000000,
2.520000000,
2.460000000,
2.400000000,
2.340000000,
2.280000000,
2.220000000,
2.160000000,
2.100000000,
2.040000000,
1.980000000,
1.920000000,
1.860000000,
1.800000000,
1.740000000,
1.680000000,
1.620000000,
1.560000000,
1.500000000,
1.440000000,
1.380000000,
1.320000000,
1.260000000,
1.200000000,
1.140000000,
1.080000000,
1.020000000,
0.960000000,
0.900000000,
0.840000000,
0.780000000,
0.720000000,
0.660000000,
0.600000000,
0.540000000,
0.480000000,
0.420000000,
0.360000000,
0.300000000,
0.240000000,
0.180000000,
0.120000000,
0.060000000,
0.000000000,
0.000000000
};

public static bool[] BrakeFlag = newbool[]{
false
};}}